date,close,high,low,open,volume
2006-01-02,22.2,23,22.2,23,2225000
2006-01-03,22.4,22.7,22.25,22.3,1602000
2006-01-04,22.5,22.75,22.5,22.75,1341000
2006-01-05,22.95,22.95,22.6,22.6,1982000
2006-01-06,23.05,23.45,23.05,23.2,2631000
2006-01-09,23.65,23.8,23.3,23.35,3452000
2006-01-10,23.75,24.1,23.45,23.85,3398000
2006-01-11,23.8,23.85,23.5,23.8,1553000
2006-01-12,24.15,24.7,23.85,24,8909000
2006-01-13,24.65,24.7,24.15,24.25,4624000
2006-01-16,24.8,25.5,24.75,25.5,7252000
2006-01-17,24.15,24.95,24.05,24.8,3174000
2006-01-18,23.6,24.15,23.6,24,2659000
2006-01-19,23.7,23.85,23.4,23.6,1831000
2006-01-20,23.4,23.8,23.4,23.75,1413000
2006-01-23,23.4,23.65,23.3,23.4,1536000
2006-01-24,23.65,23.7,23.45,23.45,1038000
2006-01-25,24.6,24.8,23.75,23.75,5630000
2006-02-03,26.25,26.3,25,25.4,10550000
2006-02-06,27.6,27.75,26.4,26.4,15084000
2006-02-07,26.9,27.9,26.8,27.8,6038000
2006-02-08,26.8,27.2,26.5,26.6,4192000
2006-02-09,26.5,27,26.35,26.8,3513000
2006-02-10,26.85,27.4,26.5,26.5,7667000
2006-02-13,26.1,26.85,26.05,26.85,4440000
2006-02-14,26.45,26.9,26.3,26.6,2717000
2006-02-15,26.7,26.9,26.35,26.8,1972000
2006-02-16,27.1,27.4,27,27.1,5288000
2006-02-17,27.05,27.3,26.85,27.15,2646000
2006-02-20,27.7,27.9,27.2,27.2,8632000
2006-02-21,27.5,28.5,27.3,28.3,9960000
2006-02-22,27.15,28,27,27.95,4611000
2006-02-23,26.3,27.15,26.3,27,2999000
2006-02-24,26.6,26.85,26.35,26.4,2292000
2006-02-27,27.15,27.45,26.2,26.3,3368000
2006-03-01,27.65,27.75,27.15,27.15,4998000
2006-03-02,27.25,27.75,27.25,27.65,2014000
2006-03-03,26.6,27.5,26.55,27.3,2445000
2006-03-06,27,27.1,26.6,26.75,1533000
2006-03-07,26.7,27.5,26.7,27,2299000
2006-03-08,26.8,27.2,26.8,26.9,1882000
2006-03-09,27.15,27.2,26.85,26.9,1566000
2006-03-10,27,27.45,26.95,27.45,1561000
2006-03-13,26.8,27.25,26.8,27.1,1680000
2006-03-14,26.1,27,26.1,26.95,3030000
2006-03-15,25.8,26.4,25.6,26.3,2750000
2006-03-16,25.9,26,25.8,25.8,1886000
2006-03-17,26.05,26.2,25.9,26,1059000
2006-03-20,26.55,26.8,26.3,26.3,1946000
2006-03-21,26.7,26.85,26.4,26.85,1799000
2006-03-22,26.65,26.8,26.55,26.75,1014000
2006-03-23,26.35,26.8,26.35,26.65,1166000
2006-03-24,27.65,27.85,26.6,26.6,8610000
2006-03-27,28.55,28.9,28,28.4,9396000
2006-03-28,28.65,28.95,28.1,28.8,5023000
2006-03-29,28.7,29.2,28.6,28.9,3263000
2006-03-30,29.2,29.4,28.4,28.9,6062000
2006-03-31,29.1,29.6,28.9,29.25,3631000
2006-04-03,31.1,31.1,29.6,29.6,8197000
2006-04-04,31.95,32.15,30.7,31.4,7881000
2006-04-06,31.8,32.4,31.5,32.3,4574000
2006-04-07,31.95,32.2,31.45,32.2,4366000
2006-04-10,34.05,34.15,32.4,32.5,19738000
2006-04-11,35.9,36.05,33.7,34.2,16319000
2006-04-12,34.85,35.9,34.8,35.8,10243000
2006-04-13,34.5,35.4,34.3,34.3,6849000
2006-04-14,34.5,35.45,34.3,34.5,6794000
2006-04-17,36.9,36.9,34.6,34.6,16962000
2006-04-18,37.35,37.6,36.7,37,11134000
2006-04-19,37.6,38.7,37.4,37.4,7287000
2006-04-20,37.5,37.8,36.6,37.65,7373000
2006-04-21,35.5,37.65,35.15,37.6,7109000
2006-04-24,36.3,36.35,35.2,35.4,6098000
2006-04-25,36.3,37.75,36.3,36.7,7392000
2006-04-26,36.75,37.25,36.4,36.5,3699000
2006-04-27,35.6,37,35.6,37,4262000
2006-04-28,33.15,35.05,33.15,35.05,6658000
2006-05-02,34.2,34.2,32.35,32.4,6733000
2006-05-03,33.4,34.35,33.4,34.35,5791000
2006-05-04,34.4,34.8,33.6,33.8,5549000
2006-05-05,35.3,36.2,34.6,34.8,7513000
2006-05-08,34.9,36.2,34.8,36,3359000
2006-05-09,35,35.6,34.8,35,2987000
2006-05-10,35,36.05,34.85,35.9,3816000
2006-05-11,35.45,35.85,35,35.2,3539000
2006-05-12,35.1,35.9,35.1,35.45,1908000
2006-05-15,34.3,35.7,34.25,35.2,2785000
2006-05-16,31.9,34.55,31.9,34.3,6447000
2006-05-17,32.1,32.2,31.5,31.8,2317000
2006-05-18,31,31.75,30.65,31.5,4009000
2006-05-19,32.6,33.15,30.8,31,4984000
2006-05-22,33,34.2,33,33,6140000
2006-05-23,32.8,33.4,32.35,33.05,2624000
2006-05-24,34.3,34.35,33.2,33.5,6179000
2006-05-25,33.6,34.5,33.6,34.4,2892000
2006-05-26,32.85,34.3,32.8,34.3,4354000
2006-05-29,32.2,33.55,31.85,33.55,2553000
2006-05-30,31.1,31.9,30.7,31.6,4549000
2006-06-01,31.9,32.2,30.8,30.8,1614000
2006-06-02,31.8,32.3,31.5,32.3,1029000
2006-06-05,30.7,31.9,30.7,31.8,2204000
2006-06-06,30.75,30.8,29.45,30.7,3159000
2006-06-07,30.65,31,30.2,30.8,1188000
2006-06-08,29.8,31.25,29.8,30.6,2900000
2006-06-09,31,31,30,30.05,1765000
2006-06-12,31,31.15,30.5,30.8,1780000
2006-06-13,31.25,31.6,30.7,30.9,2110000
2006-06-14,32.3,32.3,31,31.5,1669000
2006-06-15,32.65,33.1,32.4,32.5,3604000
2006-06-16,33.5,33.5,32.6,33.3,3401000
2006-06-19,33.65,33.65,33,33.15,3128000
2006-06-20,34,34.15,33.65,33.65,8674000
2006-06-21,29.1,30.75,29.1,30.5,9345000
2006-06-22,29.85,30,29.2,29.2,3347000
2006-06-23,29.1,29.85,29.05,29.85,1077000
2006-06-26,29.65,29.95,29.05,29.1,1748000
2006-06-27,30.6,31,29.65,29.9,4533000
2006-06-28,30.1,31.1,30.1,30.6,2453000
2006-06-29,30.3,30.8,30.3,30.8,1516000
2006-06-30,30.3,31.2,30.25,31,4809000
2006-07-03,31.4,31.4,30.6,30.6,3807000
2006-07-04,31.4,31.6,31,31.45,3977000
2006-07-05,30.6,31.5,30.6,31.4,1564000
2006-07-06,30.75,31.05,30.6,30.6,1399000
2006-07-07,31,31.5,30.75,30.9,2158000
2006-07-10,31.4,31.5,30.8,31,1759000
2006-07-11,31.05,31.5,31.05,31.4,2047000
2006-07-12,30.5,31.25,30.15,31.1,2424000
2006-07-13,30.85,31.3,30.75,30.9,1865000
2006-07-14,30.1,30.85,29.8,30.8,2594000
2006-07-17,28.45,30.1,28,30.1,3689000
2006-07-18,28.4,28.45,27.85,28.1,2544000
2006-07-19,29,29.4,28.45,28.8,1860000
2006-07-20,29.35,29.6,29.25,29.6,779000
2006-07-21,29.05,29.5,29,29.35,488000
2006-07-24,28.75,29.2,28.7,29.05,863000
2006-07-25,28.75,29.2,28.5,28.5,876000
2006-07-26,28.6,29.15,28.5,28.5,675000
2006-07-27,28.75,28.8,28.5,28.6,541000
2006-07-28,29,29.15,28.7,28.8,519000
2006-07-31,29.25,29.5,29,29,1002000
2006-08-01,28.45,29.15,28.45,29,1708000
2006-08-02,28.4,28.6,28.35,28.4,940000
2006-08-03,28.6,28.85,28.4,28.4,430000
2006-08-04,28.4,29,28.35,28.9,1203000
2006-08-07,28,28.6,27.6,28.4,2875000
2006-08-08,28.8,28.8,28.2,28.3,1917000
2006-08-09,28.7,28.9,28.4,28.85,2100000
2006-08-10,28.8,28.9,28.55,28.7,1509000
2006-08-11,28.6,29.1,28.5,29,1051000
2006-08-14,29.6,29.6,28.75,28.8,2309000
2006-08-15,29.9,30.25,29.85,29.9,2759000
2006-08-16,30.4,30.65,30,30.1,2885000
2006-08-17,30.4,30.7,30.2,30.5,3201000
2006-08-18,29.9,30.25,29.8,30.15,1085000
2006-08-21,27.9,29.85,27.85,29.85,3196000
2006-08-22,28.5,28.6,28,28.1,887000
2006-08-23,28.35,28.7,28,28.5,1886000
2006-08-24,28.25,28.45,28.1,28.4,841000
2006-08-25,28.65,29.05,28.4,28.8,1772000
2006-08-28,28.35,28.85,28.3,28.8,994000
2006-08-29,28.6,28.8,28.35,28.5,568000
2006-08-30,28.75,28.8,28.5,28.75,972000
2006-08-31,28.7,29,28.6,28.9,938000
2006-09-01,28.6,28.8,28.6,28.7,555000
2006-09-04,29.1,29.1,28.7,28.8,1342000
2006-09-05,29.1,29.2,28.85,29.1,797000
2006-09-06,29.6,29.8,28.9,29.1,3009000
2006-09-07,29.7,29.85,29.5,29.85,1546000
2006-09-08,29.7,29.7,29.45,29.7,1061000
2006-09-11,29.65,30,29.6,29.8,1689000
2006-09-12,29.05,29.65,29.05,29.65,1382000
2006-09-13,29.2,29.3,29.1,29.15,535000
2006-09-14,28.85,29.6,28.75,29.4,1432000
2006-09-15,29,29.2,28.7,28.8,442000
2006-09-18,29.8,29.9,29.2,29.2,1429000
2006-09-19,30.2,30.2,29.9,30,1713000
2006-09-20,30.2,30.65,30.2,30.35,1640000
2006-09-21,30.6,30.65,30.3,30.35,2212000
2006-09-22,30.25,30.55,30.2,30.5,999000
2006-09-25,31.45,31.45,30.35,30.35,3851000
2006-09-26,31.7,32.1,31.65,32,4379000
2006-09-27,31.65,32.1,31.35,31.7,2682000
2006-09-28,31.3,32,31.2,31.75,2272000
2006-09-29,31.2,31.7,31.1,31.4,1002000
2006-10-02,32,32.1,31.5,31.7,2609000
2006-10-03,32.45,33.15,32.1,32.1,4528000
2006-10-04,32,32.9,32,32.45,2064000
2006-10-05,32.6,33.3,32.25,32.4,4151000
2006-10-11,34.2,34.4,32.95,33,7302000
2006-10-12,33.75,34.3,33.15,34.2,3726000
2006-10-13,33.75,34.15,33.6,33.75,3223000
2006-10-16,33.3,34.45,33.25,34.25,2739000
2006-10-17,33.3,34,33.2,33.7,3757000
2006-10-18,32.8,33.3,32.5,33.3,2431000
2006-10-19,32.5,33.15,32.5,32.8,1588000
2006-10-20,32.55,33,32.5,32.6,1267000
2006-10-23,32.5,33.2,32.5,32.8,2110000
2006-10-24,32.1,32.5,32.05,32.5,2079000
2006-10-25,31.5,32.2,31.5,32.1,1854000
2006-10-26,31.1,31.8,31,31.5,2590000
2006-10-27,31.3,31.5,31.15,31.15,1779000
2006-10-30,32,32.3,31.4,31.4,3043000
2006-10-31,31.95,32.5,31.8,32.5,1832000
2006-11-01,31.95,32.3,31.9,31.9,939000
2006-11-02,31.95,32,31.7,31.8,1077000
2006-11-03,32.7,32.8,32.2,32.2,1912000
2006-11-06,32.3,32.5,31.5,31.7,1212000
2006-11-07,34.55,34.55,33,33.7,11682000
2006-11-08,35.8,36,35,35,14581000
2006-11-09,35.55,36.3,35.2,36.3,5224000
2006-11-10,35.6,35.6,34.8,35.55,2496000
2006-11-13,34.4,35.4,34.1,35.4,3404000
2006-11-14,34.25,34.6,33.6,34.2,4494000
2006-11-15,34.7,34.9,34.3,34.5,2637000
2006-11-16,34.7,35.2,34.7,34.9,1782000
2006-11-17,34.3,34.9,34.2,34.7,968000
2006-11-20,33.7,34.5,33.6,34.2,1763000
2006-11-21,34.2,34.2,33.7,33.8,970000
2006-11-22,34.75,34.85,34.2,34.2,1820000
2006-11-23,34.75,34.9,34.65,34.75,1149000
2006-11-24,34.85,35.5,34.75,34.9,1667000
2006-11-27,35,35.2,34.85,35.05,1379000
2006-11-28,34.7,35.1,34.6,35,1113000
2006-11-29,34.7,35,34.45,34.95,951000
2006-11-30,35.5,35.8,34.8,35.2,3357000
2006-12-01,35.5,35.9,35.35,35.9,1822000
2006-12-04,36,36,35.5,36,1549000
2006-12-05,35.2,36.05,34.5,36,2749000
2006-12-06,35.4,35.5,35.2,35.45,1711000
2006-12-07,35.7,36,35.6,35.65,2038000
2006-12-08,35.75,36.05,35.7,35.7,2540000
2006-12-11,35.85,36.4,35.75,35.75,1660000
2006-12-12,35,35.95,35,35.9,1945000
2006-12-13,35,35.4,34.6,35,1329000
2006-12-14,35.6,35.6,35.1,35.35,837000
2006-12-15,36.1,36.1,35.5,35.85,2168000
2006-12-18,36.15,36.45,36.15,36.2,1073000
2006-12-19,35.95,36.35,35.55,36.2,1974000
2006-12-20,36.8,37,35.8,35.8,3097000
2006-12-21,37.5,38,36.6,37,5465000
2006-12-22,37.25,37.7,37.15,37.5,1072000
2006-12-25,37.6,37.9,37.25,37.5,1498000
2006-12-26,38.6,38.6,37.8,37.8,4130000
2006-12-27,39.2,40.2,38.8,40,4107260
2006-12-28,39.35,40.2,39,39.8,2798000
2006-12-29,39.3,40.1,39.25,39.9,1158000
2007-01-02,40.3,40.5,39.5,39.7,2675000
2007-01-03,40.3,40.8,39.95,40.3,2994000
2007-01-04,39.5,40.6,39.4,40.3,2735000
2007-01-05,39,39.5,38.6,39.5,4071000
2007-01-08,39,39.1,38.7,38.95,1064000
2007-01-09,39.85,40.25,39.1,39.2,2644000
2007-01-10,39.85,40.4,39.75,40,1409000
2007-01-11,38.85,39.85,38.8,39.85,2130000
2007-01-12,39.7,40.1,39.45,39.45,1467000
2007-01-15,40.2,40.2,39.8,40,1943000
2007-01-16,40.55,40.85,40.3,40.3,1948000
2007-01-17,40.5,40.55,40,40.4,1264000
2007-01-18,40.4,40.85,40.3,40.5,1124000
2007-01-19,40.5,40.5,40.1,40.5,613000
2007-01-22,40.5,40.8,40.25,40.5,802000
2007-01-23,40.5,41.05,40.4,40.5,2120000
2007-01-24,40.8,40.9,40.6,40.7,1458000
2007-01-25,40.8,41.25,40.65,40.95,2094000
2007-01-26,40.8,40.9,40.3,40.6,1628000
2007-01-29,41.2,41.7,40.9,40.9,2613000
2007-01-30,41.6,41.95,41,41.7,2585000
2007-01-31,41.55,41.95,41.15,41.95,1103000
2007-02-01,41.7,42.15,41.55,41.8,1834000
2007-02-02,42.55,42.55,41.9,42.2,1899000
2007-02-05,42.95,43.15,42.35,42.6,2066000
2007-02-06,43.25,43.5,42.7,42.95,3207000
2007-02-07,42.6,43.3,42.6,43.2,1552000
2007-02-08,42.7,43,42.6,42.6,1072000
2007-02-09,41.95,42.9,41.6,42.7,1866000
2007-02-12,42.05,42.5,41.8,42.25,637000
2007-02-13,43.2,43.3,42.05,42.05,2018000
2007-02-14,43.4,43.5,42.7,43.2,1557000
2007-02-26,45.5,46.2,43.7,43.7,3611000
2007-02-27,45,46,44.7,46,2044000
2007-03-01,44.2,45,44,45,2859000
2007-03-02,44.5,45.2,44.2,44.2,4263000
2007-03-05,42,43.8,41.1,43.8,2970000
2007-03-06,43.2,43.8,43,43.5,109000
2007-03-07,43.35,43.8,42.9,43.5,1525000
2007-03-08,43.45,43.7,43.3,43.3,574000
2007-03-09,43.85,44.9,43.8,43.8,2901000
2007-03-12,44,44.9,43.85,44.9,1510000
2007-03-13,44,44.5,43.95,44,619000
2007-03-14,43.9,44,43.05,43.5,2029000
2007-03-15,44.4,45,44.3,44.5,1812000
2007-03-16,44.7,45.25,44.5,44.5,1360000
2007-03-19,44.45,44.7,44.2,44.7,1000000
2007-03-20,43.85,44.45,43.8,44.45,1208000
2007-03-21,44,44.05,43.8,43.85,467000
2007-03-22,44.1,45,44.05,44.55,1072000
2007-03-23,44.3,44.5,44.1,44.5,390000
2007-03-26,43.45,44.3,43.2,44.25,1308000
2007-03-27,43.95,44,43.45,43.45,1520000
2007-03-28,44.1,44.65,44,44.1,1609000
2007-03-29,44.1,44.6,44,44.1,1008000
2007-03-30,44.2,44.35,43.8,44.15,1236000
2007-04-02,44.3,44.35,44,44.2,563000
2007-04-03,44.4,44.4,44.15,44.3,784000
2007-04-04,44.45,44.6,44.3,44.4,1219000
2007-04-09,47.55,47.55,44.5,44.5,6766000
2007-04-10,47.3,47.3,46,46,3441000
2007-04-11,46.45,47.2,46.1,47.2,1503000
2007-04-12,46.45,46.75,46.2,46.5,1829000
2007-04-13,45.6,46.75,45.55,46.65,966000
2007-04-16,45.45,46.3,45.4,45.6,2129000
2007-04-17,42.5,45.4,42.3,45.4,5936000
2007-04-18,43.15,43.15,42.5,42.5,1671000
2007-04-19,42.55,43.1,42.3,43.1,1071000
2007-04-20,42.35,42.5,41.9,42.35,1629000
2007-04-23,42.6,42.95,42.2,42.3,667000
2007-04-24,42.6,42.95,42.3,42.6,848000
2007-04-25,42.2,42.9,42.2,42.6,649000
2007-04-26,42.2,42.5,41.55,42.5,950000
2007-04-27,41.15,42.2,41.1,42.2,1407000
2007-04-30,41.6,41.6,40.05,41,1359000
2007-05-02,41.25,41.7,41.1,41.6,805000
2007-05-03,40.6,41.5,40.05,41.25,617000
2007-05-04,41.35,41.4,41,41.4,351000
2007-05-07,42.2,42.3,41.6,41.6,680000
2007-05-08,42.2,42.2,41.7,42.2,992000
2007-05-09,42.2,42.6,41.8,42.2,3578000
2007-05-10,42.35,42.5,42,42.2,467000
2007-05-11,41.6,42.1,41.3,41.9,1228000
2007-05-14,41.05,42,40.75,41.6,1889000
2007-05-15,41,41.15,40.85,41.1,727000
2007-05-16,40.8,41.2,40.6,41,1101000
2007-05-17,41.05,41.4,40.8,40.8,946000
2007-05-18,41,41.6,40.9,41.6,474000
2007-05-21,41.55,41.9,41,41,1203000
2007-05-22,41.9,42.75,41.9,42.5,2444000
2007-05-23,41.9,42.5,41.75,42.5,788000
2007-05-24,41.9,42,41.4,41.8,1067000
2007-05-25,41.5,41.5,40.1,41.5,3106000
2007-05-28,40.4,41,40.35,41,1697000
2007-05-29,39.7,40.4,39.55,40.4,3661000
2007-05-30,38.5,39.7,38.2,39.5,3627000
2007-05-31,39.5,39.5,38.6,38.6,2453000
2007-06-01,39.1,39.5,38.85,39.5,1387000
2007-06-04,39.2,39.5,39.15,39.3,585000
2007-06-05,39.1,39.4,38.95,39.3,797000
2007-06-07,40,40.1,39.7,39.9,1500000
2007-06-08,39.9,40,39.5,40,614000
2007-06-11,39.75,40.2,39.65,40.1,749000
2007-06-12,39.8,40.15,39.7,40.15,710000
2007-06-13,39.8,40.1,39.6,40,534000
2007-06-14,39.6,39.9,39.55,39.8,904000
2007-06-15,39.9,40.05,39.8,39.95,759000
2007-06-20,40.4,40.4,40.15,40.2,1385000
2007-06-21,41.2,41.2,40.65,40.8,1932000
2007-06-22,41.55,41.8,41.2,41.25,2455000
2007-06-25,42,42.2,41.7,42,2547000
2007-06-26,42.1,42.3,41.8,42.2,2443000
2007-06-27,42.45,42.5,42.1,42.35,2835000
2007-06-28,42.4,42.55,42.2,42.45,1385000
2007-06-29,42.6,42.75,42.5,42.55,2985000
2007-07-02,43.4,43.4,42.6,42.6,7374000
2007-07-03,39.3,39.5,38.5,39.25,5704000
2007-07-04,39.1,39.95,39.05,39.35,2674000
2007-07-05,39.25,39.7,39.05,39.25,1998000
2007-07-06,39,39.5,38.8,39.3,1866000
2007-07-09,39,39.25,39,39,1642000
2007-07-10,39.5,39.65,38.75,39,2501000
2007-07-11,39.4,39.6,39.2,39.5,1188000
2007-07-12,40.15,40.2,39.5,39.7,2845000
2007-07-13,40.3,40.55,40.15,40.3,2977000
2007-07-16,41,42.1,40.35,40.6,5213000
2007-07-17,41,41.4,40.5,41,2290000
2007-07-18,40.7,41.3,40.65,41.3,1619000
2007-07-19,41.5,41.55,40.65,40.65,3423000
2007-07-20,41.35,42,41.05,42,1634000
2007-07-23,41.8,41.85,41.4,41.4,3014000
2007-07-24,43.6,43.85,41.9,41.9,8681000
2007-07-25,43.5,43.8,43.3,43.6,3109000
2007-07-26,40.7,44,40.7,43.5,3422000
2007-07-27,41,41.9,40.8,41.2,1715000
2007-07-30,41.3,41.4,40.2,40.4,908000
2007-07-31,41.9,42.25,41.5,42,1868000
2007-08-01,40.1,41.9,40.1,41.7,1533000
2007-08-02,40.15,41.3,39.9,40.4,1762000
2007-08-03,41,41.3,40.4,40.8,737000
2007-08-06,42.05,42.05,40.3,40.8,1586000
2007-08-07,42.55,43.5,42.55,43,2445000
2007-08-08,43.5,43.85,42.7,42.85,2585000
2007-08-09,43.2,44,43.2,43.85,1624000
2007-08-10,42.15,42.7,42,42.7,1022000
2007-08-13,41.15,42.1,40.7,42,598000
2007-08-14,41,41.5,40.3,41.1,424000
2007-08-15,40,40.8,39.5,40.4,1057000
2007-08-16,39.2,40.2,38.65,39.8,1507000
2007-08-17,39.2,39.4,38.6,38.9,1504000
2007-08-20,40.75,41.5,39.8,41.5,866000
2007-08-21,39.4,40.75,39.3,40.75,556000
2007-08-22,39.7,40.5,39.4,39.4,612000
2007-08-23,40.3,40.9,40,40.9,874000
2007-08-24,41.95,43,40.3,40.4,3480000
2007-08-27,42,43,42,42.9,907000
2007-08-28,42.65,42.75,42,42,1552000
2007-08-29,43.5,43.8,42,42.3,2716000
2007-08-30,43.65,44.25,43.55,43.9,2500000
2007-08-31,44.45,44.45,43.8,44.2,1872000
2007-09-03,46.7,46.7,44.5,45,5735000
2007-09-04,46.5,48.8,46.3,47,4795000
2007-09-05,45,47.25,44.8,47,1777000
2007-09-06,46.4,46.5,44.45,45,1505000
2007-09-07,45.7,46.6,45.7,46.6,1354000
2007-09-10,45.7,46.05,45.3,45.5,840000
2007-09-11,46.9,47.15,46,46,2712000
2007-09-12,46.6,47.6,46.6,47.3,2858000
2007-09-13,45,47,45,47,1593000
2007-09-14,44.9,45.3,44.8,45.2,1349000
2007-09-17,45,45.5,44.9,45.5,1162000
2007-09-19,45.8,47.3,45.5,46.5,2994000
2007-09-20,46.7,47.5,46.1,46.3,2606000
2007-09-21,49.05,49.5,46.8,47.2,8440000
2007-09-26,52,52,49.35,49.6,5838000
2007-09-27,51.4,52.9,49.95,52.8,3777000
2007-09-28,51.5,52.2,50.1,51.4,3396000
2007-10-01,57.4,58.9,54.1,55.1,13195000
2007-10-02,55.8,58.4,55.8,58,3833000
2007-10-03,55,57.6,54.6,55.6,5928000
2007-10-04,53.1,54.8,51.2,54.8,3252000
2007-10-05,53.2,54.2,52.5,53,3102000
2007-10-08,53.6,54.4,53.3,53.7,1952000
2007-10-09,52,53.8,51.3,53.6,1883000
2007-10-11,52.6,52.6,51.3,52.6,1302000
2007-10-12,54.7,56.2,53.5,53.5,5817000
2007-10-15,53.4,54.5,52.7,54,1941000
2007-10-16,54.6,55.6,52.6,52.6,1966000
2007-10-17,54.6,55.5,54,54.6,1926000
2007-10-18,53.3,54.7,52.8,54.2,2583000
2007-10-19,52.8,53.3,51.8,52.8,2400000
2007-10-22,50.8,51.8,50.3,50.7,2174000
2007-10-23,51.3,51.6,50.2,50.8,2485000
2007-10-24,51.3,52.8,51.2,51.6,906000
2007-10-25,52.6,52.7,51.4,52.3,1273000
2007-10-26,54,54.5,52.1,53,1486000
2007-10-29,53.4,54.9,53.1,54.6,606000
2007-10-30,51.5,54,50.7,53.4,1149000
2007-10-31,49.4,52.5,48.8,52.5,2860000
2007-11-01,49.35,49.8,48.8,49.4,2011000
2007-11-02,49.9,50.4,48.3,48.3,1165000
2007-11-05,52,52.8,49.45,49.9,2249000
2007-11-06,50.9,52.6,50.4,52,1985000
2007-11-07,51,51.9,50.9,50.9,1523000
2007-11-08,49,50.4,48.5,50,1729000
2007-11-09,50.4,51.2,49.15,49.3,1657000
2007-11-12,49.3,50.4,49.25,50.4,401000
2007-11-13,51.1,52.3,49,49.4,2358000
2007-11-14,51.7,52.5,51.5,52.3,1033000
2007-11-15,51.7,52,51.4,52,327000
2007-11-16,49.55,51,49.4,50.4,944000
2007-11-19,48.7,50.8,48.4,49.7,806000
2007-11-20,46.3,47.5,45.3,46.75,3453000
2007-11-21,45.8,47.3,45.8,46.5,1400000
2007-11-22,45.5,45.8,45.1,45.1,1280000
2007-11-23,44.8,46.3,44.8,45.85,1261000
2007-11-26,47.9,47.9,45.1,45.1,3702000
2007-11-27,48.5,48.55,46.5,46.5,2222000
2007-11-28,48.2,48.7,47.5,48.6,1186000
2007-11-29,47.8,49.2,47.8,48.8,768000
2007-11-30,48.7,50.1,48.1,48.1,1989000
2007-12-03,50.8,51.2,48.5,49.4,1567000
2007-12-04,52.9,52.9,50.2,51,2085000
2007-12-05,52,54.5,52,52.5,2910000
2007-12-06,51.1,52.6,51.1,52.6,2624000
2007-12-07,51,52.3,51,52.2,1350000
2007-12-10,52.8,53.3,51.4,52.9,2160000
2007-12-11,52.5,53.3,52.1,53.2,815000
2007-12-12,52.8,52.8,52,52.5,712000
2007-12-13,50.5,53.3,50.5,52.9,1339000
2007-12-14,51.4,51.5,49,50.5,1162000
2007-12-17,50.2,51.4,49.6,51,1042000
2007-12-18,49.2,51.3,48.8,50.2,2665000
2007-12-19,51.1,51.6,49.5,49.5,2040000
2007-12-20,49.5,51,49.5,51,1377000
2007-12-21,49.95,50.4,49.15,49.6,596000
2007-12-24,52.5,52.5,50.5,50.5,2778000
2007-12-25,53.5,53.8,52.2,52.7,2243000
2007-12-26,52.6,53.3,52,53.3,854000
2007-12-27,52,53.3,52,53,1388000
2007-12-28,54,54,51.8,52,1837000
2007-12-31,55,55,53.5,54,2493000
2008-01-02,53.1,56.4,53.1,55.1,3848000
2008-01-03,51.8,52.6,51.5,52.6,1970000
2008-01-04,54,54.9,51.6,51.6,1981000
2008-01-07,53.5,54,52.5,52.8,1967000
2008-01-08,56.5,57.2,53.4,53.9,6996000
2008-01-09,55.8,57.8,55.5,56.5,3881000
2008-01-10,56.8,57.7,55.7,56.6,2427000
2008-01-11,56.8,57,55.5,56.8,1072000
2008-01-14,56.1,58,56,57.4,3954000
2008-01-15,57.8,60,56.8,56.9,5986000
2008-01-16,56.1,58.7,56,58.5,2488000
2008-01-17,53.2,56.5,52.4,56,2130000
2008-01-18,53.9,54.7,51.8,51.9,1407000
2008-01-21,50.8,53.9,50.3,53.4,5435000
2008-01-22,47.25,47.8,47.25,47.25,4514000
2008-01-23,46.5,47,44.1,44.1,3604000
2008-01-24,46.5,47.75,45.6,46.75,2098000
2008-01-25,48.3,48.7,47,47.4,1441000
2008-01-28,46,47.9,45.7,47.35,2892000
2008-01-29,44.5,46.9,43.7,46,4910000
2008-01-30,47.6,47.6,45,45,3852000
2008-01-31,50.1,50.9,48.5,50.5,5066000
2008-02-01,53.6,53.6,51,51.4,5230000
2008-02-12,55.1,56.5,54.5,55.4,4142000
2008-02-13,54,56.6,53.6,56.6,4010000
2008-02-14,53.3,55.4,53.1,55,6650000
2008-02-15,52.9,54.2,52.4,53.3,5356000
2008-02-18,54.6,55.5,53.6,53.6,5282000
2008-02-19,54.8,56.5,54.5,56.5,4764000
2008-02-20,54.1,55.5,53.3,54.5,3462000
2008-02-21,53.7,54.6,53.5,54.3,2408000
2008-02-22,54.5,55.8,53.7,53.7,4745000
2008-02-25,58,58.3,55.7,56,8947000
2008-02-26,60.4,62,59,59,13533000
2008-02-27,60.2,61.8,59.2,61.8,6674000
2008-02-29,59.8,60.8,59.2,59.2,4096000
2008-03-03,58,58.9,56.6,58.8,4584000
2008-03-04,58.9,59.5,58.3,58.5,3257000
2008-03-05,59,59.8,58.5,59.4,2834000
2008-03-06,63.1,63.1,60.3,60.5,10489000
2008-03-07,61.9,63.9,60.8,63.4,7025000
2008-03-10,62,63.1,60.9,62.5,5155000
2008-03-11,61.3,61.8,59.9,61.5,3612000
2008-03-12,60.5,62.5,60.5,62.1,2812000
2008-03-13,59.4,61.1,59.4,60.5,1640000
2008-03-14,63.2,63.5,59.9,59.9,9963000
2008-03-17,63.2,63.2,61.3,63.2,2938000
2008-03-18,62.6,63.5,62,63.2,2268000
2008-03-19,62.6,63.1,62.1,63,2508000
2008-03-20,63.3,63.4,61.8,62.3,1741000
2008-03-21,64.5,65.7,64.1,64.1,3595000
2008-03-24,67,69,64.8,69,4425000
2008-03-25,68.3,70.1,65.7,67,7516000
2008-03-26,71,72.4,69,69,12305000
2008-03-27,72.5,72.5,69.5,71.2,7165000
2008-03-28,70.9,72.5,70.5,72.5,3035000
2008-03-31,73.5,74.2,70.9,70.9,6529000
2008-04-01,72.5,74.8,72,74.5,4070000
2008-04-02,70.6,74.3,70.3,73.1,2284000
2008-04-03,70.6,71,66.3,70.5,6475000
2008-04-07,72,72.3,69.1,69.5,3900000
2008-04-08,72,72.4,70.7,72.2,1526000
2008-04-09,74.1,74.3,72,72.4,2677000
2008-04-10,74.5,74.7,73.6,74.3,3038000
2008-04-11,74.4,75.2,73.7,74.5,2479000
2008-04-14,78.9,79.2,74.4,74.9,4657000
2008-04-15,78.4,79.8,77.8,78.9,3154000
2008-04-16,82,82.6,78.6,78.6,4851000
2008-04-17,79.3,82.5,79,82.1,3927000
2008-04-18,80,80.7,79,79.3,2346000
2008-04-21,80,81.2,79.3,80,2182000
2008-04-22,81.5,81.5,79.3,80.2,2390000
2008-04-23,80.5,81.5,80.2,81.5,1736000
2008-04-24,79.5,81.8,78.8,80.7,2453000
2008-04-25,79.2,81.4,79,80.1,1667000
2008-04-28,82.9,83.2,79.9,79.9,3888000
2008-04-29,88.5,88.7,82,82,7264000
2008-04-30,93,93.9,87.5,88.4,5566000
2008-05-02,91.6,95.4,90.8,94,3780000
2008-05-05,91.1,92.5,90.2,92.4,2479000
2008-05-06,91.1,93.4,91.1,92,2935000
2008-05-07,93.7,94.3,90.2,92.1,5876000
2008-05-08,93.5,95.6,92.2,92.2,3365000
2008-05-09,91.7,94,91.5,93.5,2077000
2008-05-12,85.3,91.6,85.3,91.1,5198000
2008-05-13,87.3,90.4,86.3,87.3,6955000
2008-05-14,90,90.1,88,88.6,3808000
2008-05-15,91.7,93,90.5,90.5,2685000
2008-05-16,91,91.7,90,91.7,1821000
2008-05-19,95,95,90.2,91,4629000
2008-05-20,94.9,96.5,94.4,96,3466000
2008-05-21,96.1,96.5,93,96,2611000
2008-05-22,95.2,96,94,95.9,2929000
2008-05-23,96.3,99.5,95.2,97,6757000
2008-05-26,99.6,102,96.4,97,8626000
2008-05-27,102.5,102.5,98.8,100,4867000
2008-05-28,104.5,104.5,99.9,102.5,4794000
2008-05-29,101.5,106,99.9,105.5,6905000
2008-05-30,99,104.5,97.5,104,17300000
2008-06-02,92.1,99.2,92.1,99.2,5318000
2008-06-03,88.8,91.1,85.8,89.5,13014000
2008-06-04,90.5,91.8,88.1,89.4,6363000
2008-06-05,91.1,91.4,88,91.2,3925000
2008-06-06,96.6,97.4,92,92.1,6471000
2008-06-09,102,103,94.5,95,7352000
2008-06-10,102,105.5,100,102,9306000
2008-06-11,97.9,103,96.1,102,4192000
2008-06-12,91.1,96,91.1,95,4660000
2008-06-13,91.1,92.8,88.5,91.1,6011000
2008-06-16,92.8,95.5,91.8,92.2,3910000
2008-06-17,86.4,92.5,86.4,92.5,3752000
2008-06-18,85.6,89.7,84.3,85.3,7596000
2008-06-19,85.5,87.8,83.6,84.5,4278000
2008-06-20,85.6,87.6,85.6,87,4698000
2008-06-23,79.7,83.3,79.7,83,7198000
2008-06-24,74.2,81,74.2,79.5,9533000
2008-06-25,73.3,74.8,70,73.7,10792000
2008-06-26,77.8,78.4,73.6,74,10151000
2008-06-27,75,75.7,72.4,74.5,6567000
2008-06-30,78.8,79.5,76.2,77,6793000
2008-07-01,77.4,78.8,76,78.8,3006000
2008-07-02,81.2,82,77.6,79.6,4660000
2008-07-03,81.5,83,77.2,78.5,4789000
2008-07-04,77.8,82,77.7,81.5,2291000
2008-07-07,81.5,81.8,78,78,2437000
2008-07-08,80.6,82,79.5,82,3350000
2008-07-09,86.2,86.2,81.8,81.8,3483000
2008-07-10,86.2,87.5,84.3,86.2,1733000
2008-07-11,87,89.5,86.2,86.2,2740000
2008-07-14,82.7,88.3,81.1,87,3692000
2008-07-15,82.7,83,80.5,81,1599000
2008-07-16,83.5,83.8,81.3,83.2,3109000
2008-07-17,79.8,83.6,79.3,83.5,2806000
2008-07-18,75.9,81.1,75.9,80,3289000
2008-07-21,78.9,80.5,76.5,76.5,3326000
2008-07-22,72.7,73,69.8,73,4459000
2008-07-23,77.7,77.7,73.4,73.4,5093000
2008-07-24,80.3,80.3,76.5,77.7,5707000
2008-07-25,81,81.4,77,77,3371000
2008-07-29,79,79.5,76.8,79.5,1911000
2008-07-30,82,83,80,83,3094000
2008-07-31,80.2,84,80,83.9,2410000
2008-08-01,77.7,80.7,77.6,79.1,3077000
2008-08-04,74.9,77.6,72.3,77.6,5102000
2008-08-05,69.7,72.5,69.7,72.3,3577000
2008-08-06,69.1,70.5,64.9,68.2,11889000
2008-08-07,65,69.5,65,68.9,8757000
2008-08-08,66,66,62.5,65,10578000
2008-08-11,66,66.3,63.6,66.3,5682000
2008-08-12,65,68.6,64.5,65.1,10546000
2008-08-13,65.1,67.3,64.2,64.2,6141000
2008-08-14,68.5,69.5,66,66,10117000
2008-08-15,64.7,69.6,64.7,68.5,7131000
2008-08-18,60.2,65,60.2,64.7,9313000
2008-08-19,61,62,58.3,58.3,5235000
2008-08-20,64,64.2,60.5,61,8609000
2008-08-21,61,64.7,61,64,6126000
2008-08-22,60,63,60,62.5,6983000
2008-08-25,61.3,62.5,59.1,60.5,7899000
2008-08-26,60.3,60.5,59.1,60.3,5078000
2008-08-27,62,62.5,60.1,60.3,5152000
2008-08-28,61.5,62.9,61.4,62.5,3189000
2008-08-29,61,63,61,62.5,3695000
2008-09-01,59.8,61.5,59.3,60.4,3808000
2008-09-02,59.3,60,57,59.5,6636000
2008-09-03,55.2,59,55.2,58.8,7319000
2008-09-04,51.6,56.2,51.4,55,6846000
2008-09-05,52.3,52.8,49.9,50,8390000
2008-09-08,55.9,55.9,54.5,55.9,3730000
2008-09-09,53.5,55.5,52.4,54.5,6490000
2008-09-10,56,56.4,52.2,53,6699000
2008-09-11,53.2,55.3,53.2,54.2,4693000
2008-09-12,56.9,56.9,53.7,54.2,7866000
2008-09-15,58,58.8,56.3,56.7,10925000
2008-09-16,55.5,57.4,54.1,56,7180000
2008-09-17,54.2,58.5,52.4,58.3,6748000
2008-09-18,51,52.7,50.5,51.7,5509000
2008-09-19,54.5,54.5,52.1,53,5072000
2008-09-22,52.9,55.4,50.7,54.8,6634000
2008-09-23,52.9,52.9,50.5,51.4,3070000
2008-09-24,51,52.9,50.9,52.9,4142000
2008-09-25,47.55,49.9,47.45,49.8,6982000
2008-09-26,44.25,47.55,44.25,47.55,6350000
2008-09-30,41.2,41.2,41.2,41.2,1571000
2008-10-01,39.6,41.7,38.35,41.2,9871000
2008-10-02,38.8,39.5,37.7,38.6,5564000
2008-10-03,37.9,38.3,36.5,38,3989000
2008-10-06,35.25,36.85,35.25,36.6,3578000
2008-10-07,35.75,35.95,32.8,32.8,7655000
2008-10-08,33.25,34.4,33.25,34.2,3560000
2008-10-09,30.95,32.55,30.95,31.65,7963000
2008-10-13,29.9,29.9,29.9,29.9,666000
2008-10-14,29.85,31.45,29.3,31.45,10100000
2008-10-15,31.35,31.8,28.85,29.05,11654000
2008-10-16,30.3,30.3,30.3,30.3,601000
2008-10-17,29.25,29.7,29.25,29.4,1859000
2008-10-20,28.25,28.25,28.25,28.25,1123000
2008-10-21,27.3,28.75,27.3,27.5,6257000
2008-10-22,26.35,26.9,26.35,26.35,3006000
2008-10-23,25.45,25.45,25.45,25.45,696000
2008-10-24,24.6,24.85,24.6,24.6,3435000
2008-10-27,22.9,22.9,22.9,22.9,2348000
2008-10-28,21.65,21.8,21.3,21.3,6899000
2008-10-29,20.4,22.5,20.3,22.5,7072000
2008-10-30,21.8,21.8,20.6,20.6,3835000
2008-10-31,23.3,23.3,22.05,22.35,6334000
2008-11-03,24.9,24.9,24.1,24.45,6077000
2008-11-04,26.2,26.2,24.4,25.8,10379000
2008-11-05,27.1,27.9,25.8,26.5,7664000
2008-11-06,25.25,26.45,25.25,25.3,4423000
2008-11-07,26.8,27,24,24,4630000
2008-11-10,28.65,28.65,26.5,26.8,3951000
2008-11-11,29.6,30.65,28.65,28.65,16075000
2008-11-12,28.8,29.6,27.6,28.6,5542000
2008-11-13,27.2,27.9,26.8,27.6,3515000
2008-11-14,29.1,29.1,29.1,29.1,1502000
2008-11-17,31.1,31.1,31.1,31.1,2612000
2008-11-18,31.95,33.25,31.2,33.25,14105000
2008-11-19,29.75,30.9,29.75,30.9,1606000
2008-11-20,27.75,29.5,27.7,27.7,7020000
2008-11-21,27.6,27.7,25.85,26.85,4288000
2008-11-24,29.5,29.5,26.1,27,8662000
2008-11-25,29.5,30.1,28.5,29.8,7304000
2008-11-26,28.85,29.55,28,28.9,3171000
2008-11-27,30.85,30.85,28.95,29.3,6483000
2008-11-28,30.3,30.6,29.65,30.6,3581000
2008-12-01,30.3,30.6,28.8,28.8,5528000
2008-12-02,28.2,29.15,28.2,28.35,3484000
2008-12-03,27.55,28.5,27.55,28.05,5522000
2008-12-04,25.85,27.8,25.65,27.55,4906000
2008-12-05,24.05,25.65,24.05,25.5,7117000
2008-12-08,25.6,25.7,23.6,24.05,13940000
2008-12-09,27.35,27.35,26.2,26.2,11832000
2008-12-10,29.25,29.25,27.35,28,9180000
2008-12-11,29.9,31.2,28.9,29.25,10640000
2008-12-12,29.9,31.25,28,29.5,7188000
2008-12-15,30.8,31.4,30.25,30.9,4562000
2008-12-16,29.9,30.8,29.5,30.2,2343000
2008-12-17,31.95,31.95,30.6,30.6,12871000
2008-12-18,33.75,33.9,32.15,32.5,11566000
2008-12-19,32.9,33.5,32.4,33,8403000
2008-12-22,30.6,33.9,30.6,33.1,7855000
2008-12-23,28.5,30.1,28.5,29.5,6847000
2008-12-24,29,29.5,27.2,27.2,8675000
2008-12-25,30.45,30.45,28.75,29.3,6897000
2008-12-26,30,30.55,29.7,30,3653000
2008-12-29,30,30.8,29.7,30,2672000
2008-12-30,31.35,31.85,30.2,30.3,5458000
2008-12-31,31.9,32.2,31,31.8,4985000
2009-01-05,34.1,34.1,33.5,34.1,4234000
2009-01-06,35.1,36.45,34.5,34.9,19461000
2009-01-07,37.55,37.55,34.6,34.6,11399000
2009-01-08,34.95,38.3,34.95,36.5,11666000
2009-01-09,34.2,35,33.6,35,7827000
2009-01-12,36.05,37.75,35.85,37,10023000
2009-01-13,35,35.95,34.3,35.1,6993000
2009-01-14,34.5,36.3,34.5,35.5,7745000
2009-01-15,33.1,33.55,32.6,33,4765000
2009-01-16,35.3,35.4,33.6,34.4,6121000
2009-01-19,35.8,36.4,35.5,35.6,3969000
2009-01-20,35.2,37,35.05,35.8,10025000
2009-01-21,36,36.45,35,35.1,6217000
2009-02-02,35.6,36.7,35.5,36.2,4408000
2009-02-03,37.6,37.9,36.05,36.5,6571000
2009-02-04,37.5,38.55,37.35,38.3,7228000
2009-02-05,39.5,40.1,37.8,38,12627000
2009-02-06,38.85,40.1,38.55,40,12375000
2009-02-09,37.7,39.7,37.4,39.55,9361000
2009-02-10,37.3,38.45,37,37.7,8062000
2009-02-11,36.15,37,34.8,36.8,14708000
2009-02-12,34,36,34,36,13404000
2009-02-13,35.6,35.8,34.4,34.45,9897000
2009-02-16,34.5,35.6,34.05,35.6,8415000
2009-02-17,34.1,35.4,33.8,34.1,9509000
2009-02-18,34.1,34.1,33,34.1,5067000
2009-02-19,34.55,35.05,33.5,34.1,7474000
2009-02-20,34.3,35.1,34.3,34.55,5959000
2009-02-23,34.1,34.5,33.6,34.25,3606000
2009-02-24,32.55,34,32.5,33.4,6880000
2009-02-25,32.6,33.6,32.6,33,6659000
2009-02-26,32,33.15,31.5,32.8,7267000
2009-02-27,33,33.7,31.8,32,8764000
2009-03-02,31.6,33,31.5,32.6,5080000
2009-03-03,30.5,31,30.15,30.5,5197000
2009-03-04,32.3,32.3,30.6,30.6,6109000
2009-03-05,34.55,34.55,33.2,33.3,14648000
2009-03-06,33.75,34.55,33.4,34.5,6295000
2009-03-09,33.85,34.3,33.4,34.3,3559000
2009-03-10,34,34.55,33.85,33.85,3989000
2009-03-11,34.2,35.2,34.1,34.8,8744000
2009-03-12,33.85,34.4,33.85,34.2,3112000
2009-03-13,34.8,35.6,34.1,34.5,9256000
2009-03-16,36.1,37,35,35.3,10708000
2009-03-17,36.55,37.8,36.55,36.6,12752000
2009-03-18,35.5,37.15,35.5,37.15,7504000
2009-03-19,35.5,36.7,35,35.5,9131000
2009-03-20,36.85,37.4,36.2,36.5,15371000
2009-03-23,36.8,37.65,36.15,37.5,13063000
2009-03-24,39.35,39.35,37.65,38,19126000
2009-03-25,42,42.05,39.35,39.35,20838601
2009-03-26,39.75,43,39.75,43,17207351
2009-03-27,39.75,40.85,38.9,40,15582476
2009-03-30,37.95,39.5,37.8,39,8011840
2009-03-31,38.1,39.3,38.1,38.95,6456931
2009-04-01,40.65,40.65,38.5,39,7571441
2009-04-02,40.6,41.8,39.8,41,11595037
2009-04-03,41,42,40.3,41.5,10040432
2009-04-06,41.25,41.8,40.4,41.8,5818499
2009-04-07,40.8,41.7,40.6,40.8,3603630
2009-04-08,39.3,40.85,39,40.3,4579500
2009-04-09,40.5,40.5,39.3,39.7,6195000
2009-04-10,43.3,43.3,41.2,41.2,23524346
2009-04-13,44.15,45.9,43.8,44.3,17387989
2009-04-14,44.55,44.8,43.2,44,7869074
2009-04-15,44.15,46.4,43.8,44.85,13986760
2009-04-16,43.1,45.3,43,45.3,12746790
2009-04-17,40.1,43.9,40.1,43.6,11934712
2009-04-20,39.6,40.1,38,40.1,7544820
2009-04-21,40.6,40.8,38.5,38.5,5807122
2009-04-22,40,40.95,39.3,40.8,5225335
2009-04-23,39,39.9,38.95,39.5,7070530
2009-04-24,39.25,40.5,39,39,7223806
2009-04-27,38.9,40.1,37.75,39.95,6269785
2009-04-28,37.5,39.6,37.5,39.15,6084300
2009-04-29,37.9,38.3,37,38.3,4194688
2009-04-30,40.55,40.55,39.25,40.5,8125460
2009-05-04,41.8,42.8,39.3,39.4,16055582
2009-05-05,40.7,43.05,40.4,42.8,15146601
2009-05-06,42.4,42.8,40.7,40.9,9255477
2009-05-07,45.35,45.35,42.8,43.15,25992295
2009-05-08,45.5,46.5,44.8,46,20389108
2009-05-11,48.65,48.65,46,46.2,10871562
2009-05-12,49.5,51.9,46.6,49,22905209
2009-05-13,51,52.5,50.8,51.4,11181913
2009-05-14,50,53,49.8,51,13347485
2009-05-15,50.2,51.2,48.55,50.5,8536336
2009-05-18,51.1,51.8,49.8,50.9,6257193
2009-05-19,49,52.8,48,52.8,9511476
2009-05-20,48.5,49.6,48.2,49.6,5780855
2009-05-21,47.8,49.45,47.2,48.95,6894061
2009-05-22,48.5,49.4,47.25,47.3,8897196
2009-05-25,48.3,50.2,48.3,49.6,5541077
2009-05-26,51.6,51.6,48.6,48.6,14596604
2009-05-27,51.5,53.5,51,52.5,16706749
2009-06-01,52.5,53.4,51,52.2,9749885
2009-06-02,55.6,56.1,53.2,54.7,17667745
2009-06-03,52.9,55.1,52,55.1,8247889
2009-06-04,50.9,53.9,49.6,52.9,8375868
2009-06-05,52,52.5,50.5,51.1,3864165
2009-06-08,49.2,53,49.2,53,5365259
2009-06-09,46.4,49.8,46,49.2,7376255
2009-06-10,47.3,47.95,46.3,47.2,5277410
2009-06-11,48.05,48.6,47.4,48,7694000
2009-06-12,47.9,50,47.9,48.45,5425714
2009-06-15,46.4,47.9,46,47.9,4855530
2009-06-16,46.5,47.5,45.8,46.9,3509340
2009-06-17,45.85,47.45,45.85,46.05,2345999
2009-06-18,45.9,47,45,46,2236529
2009-06-19,47.15,47.25,46.1,46.5,2374217
2009-06-22,47.8,47.8,46.5,47.25,2331314
2009-06-23,46.6,47,46.1,46.1,3265776
2009-06-24,48.25,49.75,46.1,46.9,4537358
2009-06-25,49.5,50.8,48.8,49.4,4780452
2009-06-26,49,50.4,48.9,50.4,2089698
2009-06-29,48.3,50,48.3,50,2351875
2009-06-30,48.65,49.7,48.3,49,2469133
2009-07-01,49.7,49.7,48.65,48.8,2270655
2009-07-02,51.5,51.5,49.7,49.9,6174872
2009-07-03,50.9,51,50,51,3019143
2009-07-06,51.7,52.4,50.1,51,4698129
2009-07-07,50.9,52,50.7,51.8,5966944
2009-07-08,48.55,49.4,48.5,48.9,5842726
2009-07-09,49,49.25,48.6,48.6,1470462
2009-07-10,49.95,49.95,48.9,49.3,2606873
2009-07-13,48,49.95,47.5,49.95,3757430
2009-07-14,48.55,49.35,48.55,48.85,3162730
2009-07-15,49.85,50.5,48.9,49.4,5105884
2009-07-16,49.2,50.5,49.2,50,5126073
2009-07-17,49.5,50.4,49.2,49.9,3752743
2009-07-20,50.6,50.8,49.2,49.8,6954919
2009-07-21,51.1,53.5,50.9,50.9,10464791
2009-07-22,50.9,51.8,50.5,51.6,3917223
2009-07-23,50,51.1,50,50.9,4183091
2009-07-24,49.3,50.7,49.2,50.6,2960303
2009-07-27,49.4,49.9,48.75,49.6,2747890
2009-07-28,51,51.3,49.6,49.8,3864420
2009-07-29,50.2,51.9,50.2,51.5,4726488
2009-07-30,50.1,50.5,49.5,50.3,2194144
2009-07-31,50.3,51.3,50.3,51.2,3346293
2009-08-03,53.8,53.8,51,51,12887403
2009-08-04,55.5,57.5,55,56,21845566
2009-08-05,55,58,55,56,11176924
2009-08-06,53.5,56.1,52.4,55.9,7635737
2009-08-10,56,57.2,55.6,57.2,9399514
2009-08-11,55.7,56.3,54.1,56,4480680
2009-08-12,56,56.7,55.4,56.2,3431753
2009-08-13,56.1,56.6,55.6,56.5,3978508
2009-08-14,59.6,60,56.8,57.2,13799067
2009-08-17,60.2,61.5,58.8,59.2,11094484
2009-08-18,56.8,59.6,56,59,8578689
2009-08-19,56.4,57.8,56,57.4,3096181
2009-08-20,55.3,56.5,54,56.4,5504752
2009-08-21,54,56.3,53.7,55.8,3244295
2009-08-24,55.8,56,55.1,55.9,3050240
2009-08-25,56,56.2,55.1,55.8,1478620
2009-08-26,55,56.6,53.8,56.5,2942616
2009-08-27,51.5,54.5,51.3,53.8,8529842
2009-08-28,52.2,52.5,51.2,51.9,4480629
2009-08-31,51.9,52.4,51.3,52.2,2371820
2009-09-01,52.6,52.6,51.2,51.8,3700510
2009-09-02,52.3,52.5,51.6,52.2,3351439
2009-09-03,54.4,54.4,52.6,52.6,5615585
2009-09-04,53.3,55.3,53,55.3,4662080
2009-09-07,53.8,55,53.5,54,4294149
2009-09-08,53.1,54.6,53,54.2,6626935
2009-09-09,53.6,54.8,53.1,53.5,5401353
2009-09-10,54.3,54.9,53.6,54.9,5125067
2009-09-11,54.2,54.8,53.8,54.2,2603254
2009-09-14,52.2,54.2,52,53.9,3830673
2009-09-15,52.7,52.7,51.5,51.8,3393220
2009-09-16,53.1,53.3,52.5,53.2,2325429
2009-09-17,52.6,53.5,52.5,53.4,2682368
2009-09-18,53.6,53.6,52.1,52.1,4459668
2009-09-21,53.6,53.9,52.6,53.9,3324697
2009-09-22,53.6,54.5,53.6,54.2,4108737
2009-09-23,52.4,54,52.1,53.9,2750670
2009-09-24,52,52.6,52,52.4,1712625
2009-09-25,52.2,52.8,51.7,52,1860081
2009-09-28,53,53.3,52.1,52.7,2060332
2009-09-29,53.2,53.8,52.9,53.6,2271996
2009-09-30,52.9,53.8,52.6,53.3,2096330
2009-10-01,52.5,53.4,52.4,53,2655058
2009-10-02,51.5,52.2,51.5,51.5,3216839
2009-10-05,50.6,51.5,50.5,51.5,2890984
2009-10-06,51.3,51.5,50.9,50.9,1821013
2009-10-07,54.4,54.4,51.6,51.8,8147340
2009-10-08,53.4,55.3,53.4,55,7407172
2009-10-09,53.9,54.7,53.5,54.1,2788938
2009-10-12,54.4,54.8,53.7,54.4,2175022
2009-10-13,53,53.5,52.5,52.5,2167875
2009-10-14,53.4,53.6,52.6,53.6,1836019
2009-10-15,53,54.3,52.9,53.4,2794241
2009-10-16,53.4,53.7,52.7,53.4,1330970
2009-10-19,52.7,53.5,52.4,53.4,2316929
2009-10-20,51.7,53,51.3,52.7,4348023
2009-10-21,51.1,52,50.7,51.5,5847244
2009-10-22,51.2,51.6,51,51.1,2468452
2009-10-23,51.5,51.9,51.2,51.4,2446934
2009-10-26,51.3,52,51.3,51.9,1531180
2009-10-27,51.7,51.8,50.9,51.1,1657000
2009-10-28,51.4,52.6,51.3,51.5,3181431
2009-10-29,50.2,51,50,51,2922595
2009-10-30,50.1,51,50.1,51,1604271
2009-11-02,48.45,49.5,48,49.5,4814250
2009-11-03,48,48.9,47.8,48.65,3769288
2009-11-04,49,49,48.2,48.2,3561783
2009-11-05,49.2,49.65,49,49.3,2505060
2009-11-06,49.55,50.3,49.2,49.7,3625534
2009-11-09,50.2,50.8,49.9,50.5,2142700
2009-11-10,50.7,51.1,50.4,50.6,2633674
2009-11-11,51,51.2,50.1,50.9,1613085
2009-11-12,51.7,52,51.2,51.5,2344293
2009-11-13,51.8,51.9,51,51.6,1484794
2009-11-16,51.8,52,51.2,52,1399154
2009-11-17,51.8,52.3,51.5,52,1690172
2009-11-18,52.9,54,52.3,52.3,6335983
2009-11-19,52.9,53.4,52.6,53.2,2046254
2009-11-20,52.5,53,51.5,52.7,1982403
2009-11-23,51,52.8,51,52.7,2923863
2009-11-24,52.1,52.8,51,51.5,4167635
2009-11-25,52.5,52.7,51.8,52.6,2417286
2009-11-26,52.7,53.8,52.6,53,4808859
2009-11-27,50.5,52,50.5,51.9,4195744
2009-11-30,51.5,51.5,50.9,51.5,1482450
2009-12-01,51.6,51.8,51,51.5,1593870
2009-12-02,51.3,52,51.2,51.9,2108303
2009-12-03,51,51.5,51,51.4,1459365
2009-12-04,50.8,51.6,50.7,51,1415926
2009-12-07,51,51.4,50.6,50.8,1704294
2009-12-08,51.3,51.3,50.8,51.2,1750308
2009-12-09,51.3,51.3,50.6,50.8,1851819
2009-12-10,50.3,51.5,50.1,51.5,2118828
2009-12-11,52.8,53.8,51.2,51.2,9936579
2009-12-14,53,54,53,53.1,6155281
2009-12-16,52.6,52.9,52.1,52.9,1526193
2009-12-17,52.4,53.1,52.2,53.1,1540976
2009-12-18,52.1,52.4,51.7,52.1,1807279
2009-12-21,52.2,52.8,51.8,51.8,560654
2009-12-22,52.5,53.5,52.5,52.9,2662303
2009-12-23,52.2,53.2,52,53.2,1511956
2009-12-24,52.5,52.9,52.1,52.9,1406922
2009-12-25,52,52.8,51.8,52.8,1993821
2009-12-28,52.9,53.2,52,52.6,2762533
2009-12-29,52.4,53.4,52.3,53.3,1428352
2009-12-30,53,53.4,52.3,52.3,2472542
2009-12-31,54.1,0.0,0.0,0.0,0
2010-01-04,55.6,56.7,54.7,55,8551022
2010-01-05,54.7,56.7,54.3,56.6,4779894
2010-01-06,54.9,55.1,54.4,55,2171455
2010-01-07,55.2,56.3,54.9,55.5,5293229
2010-01-08,57.3,58.2,56.3,56.3,11582373
2010-01-11,59.5,61.3,58,58,14395605
2010-01-12,59.2,60.7,59,60.3,7973647
2010-01-13,57.9,58.7,57.8,58.6,4048339
2010-01-14,58.5,59.4,58,58,4681820
2010-01-15,58.7,59.2,58.2,58.5,3480310
2010-01-18,59,59,58,58.3,2897973
2010-01-19,58.5,60.3,58.3,59.8,3779671
2010-01-20,58.3,59.5,58.1,59.3,2461333
2010-01-21,56.8,58.9,56.8,58.3,3266422
2010-01-22,54,56,53.4,55.9,4937914
2010-01-25,53.6,54.9,52.8,53.1,2926934
2010-01-26,51.2,54,51,54,4534860
2010-01-27,51.6,52.5,51,51.3,4155651
2010-01-28,52.3,53.2,52.2,53,1217685
2010-01-29,52.2,52.4,51,52,1374771
2010-02-01,52.4,52.8,51.8,52,1036335
2010-02-02,50.5,52.9,50.2,52.9,2307214
2010-02-03,51.2,51.5,50,51.5,2071600
2010-02-04,50.8,51.2,50.4,51.2,2038136
2010-02-05,48,49.9,47.35,49.1,4061270
2010-02-08,48.5,49,48,48.5,902999
2010-02-09,50,50.4,48.1,48.9,1373004
2010-02-10,51.1,0.0,0.0,0.0,0
2010-02-22,53.6,54,52.6,52.6,4312609
2010-02-23,53.9,54.1,52.9,54.1,2034527
2010-02-24,52.5,53.7,52.1,53.5,1764350
2010-02-25,51.6,52.9,51.3,52.8,1781356
2010-02-26,52.7,52.7,51.1,51.1,1934343
2010-03-01,53.9,54.3,51.8,52.7,5146229
2010-03-02,53,55.2,53,55,4301053
2010-03-03,53.5,54,53,53.2,1646530
2010-03-04,53.1,54,53,53.8,1586253
2010-03-05,53.7,54.2,53.3,54,1805165
2010-03-08,54,54.1,53.3,54,1532826
2010-03-09,53.5,54.3,53.3,54,1169501
2010-03-10,53.5,54,52.9,53.9,1456712
2010-03-11,53.3,53.9,53.3,53.9,775270
2010-03-12,53.3,53.6,53,53.5,972323
2010-03-15,52.5,53.5,52.5,53.3,973430
2010-03-16,53,53,52.7,52.7,572374
2010-03-17,53.6,53.9,53,53.5,1339080
2010-03-18,53.7,54,53.3,53.8,1501250
2010-03-19,54,54,53.2,54,1248200
2010-03-22,53.3,54.2,53.2,54.2,957563
2010-03-23,53,53.9,52.5,53.9,1918797
2010-03-24,53.6,54.1,53.1,53.5,1927852
2010-03-25,53.9,54,53.1,53.7,1323310
2010-03-26,53.2,53.9,53.1,53.8,1505911
2010-03-29,53.6,53.7,53.2,53.4,1133347
2010-03-30,54,54.4,53.6,53.6,1555236
2010-03-31,53.8,54.3,53.7,54.2,1454602
2010-04-01,54.1,54.3,53.8,53.8,2041913
2010-04-02,55,0,0,0,0
2010-04-06,56,57,55.6,55.9,4832470
2010-04-07,55.6,56.9,55.4,56.5,2684770
2010-04-08,55.4,56.3,55.3,55.6,2458847
2010-04-09,55.8,56.2,55.4,55.8,1636132
2010-04-12,57.7,57.8,55.8,56.5,5167865
2010-04-13,57.2,58.5,57.2,57.9,5383006
2010-04-14,57.2,58,56.8,58,3302493
2010-04-15,57.4,58.2,57,57.8,3623554
2010-04-16,57.3,57.9,56.8,57.9,2122446
2010-04-19,53.6,56.6,53.5,56.4,4691454
2010-04-20,52.8,53.8,51.8,53.8,3870697
2010-04-21,53.3,53.5,53,53.3,1647469
2010-04-22,52.5,53,51.8,53,2020455
2010-04-23,52.7,52.9,52.3,52.9,916322
2010-04-26,53.5,53.9,52.9,52.9,1769544
2010-04-27,53.1,53.5,53,53,955913
2010-04-28,52.2,52.5,51.8,51.8,1792979
2010-04-29,52.4,52.7,52.2,52.5,724562
2010-04-30,52.5,53,52.5,52.6,1371175
2010-05-03,51.9,52.5,51.2,52.5,1544978
2010-05-04,50.9,52.3,50.6,52.3,2071606
2010-05-05,49.6,50,49.1,50,3256301
2010-05-06,49.7,49.9,49.1,49.6,1473910
2010-05-07,49.2,49.45,48.1,48.9,2270084
2010-05-10,50.3,50.5,49.2,49.2,1190253
2010-05-11,49.6,51,49.6,50.9,1506500
2010-05-12,49.6,50.3,49.6,49.6,475620
2010-05-13,50.4,50.5,49.8,50.4,800663
2010-05-14,50.5,50.6,50,50.1,361074
2010-05-17,48.7,50,48.5,50,1493233
2010-05-18,49,49.2,48.4,48.7,1113286
2010-05-19,48.2,48.5,47.7,48,2229000
2010-05-20,47.1,48,47.05,48,1386900
2010-05-21,44.55,45.7,44.1,45.4,2157632
2010-05-24,44.3,44.55,43,44.55,2377095
2010-05-25,41.7,43.8,41.5,43.8,3753755
2010-05-26,41.4,42.45,41.2,42.45,2141680
2010-05-27,43.05,43.2,41.05,41.4,1140518
2010-05-28,44.35,44.4,43.55,43.9,1487113
2010-05-31,44.35,44.5,43.7,44.35,673207
2010-06-01,44.2,44.3,43.5,44,1111090
2010-06-02,43.15,44.05,43.05,43.6,660874
2010-06-03,43.7,43.95,43.55,43.75,542391
2010-06-04,43.4,43.9,43.2,43.9,398155
2010-06-07,42,42.4,41.3,42,893386
2010-06-08,42.1,42.3,41.7,41.8,866030
2010-06-09,41.45,42.3,41.45,42.3,919158
2010-06-10,42.9,42.9,41.6,42.1,471314
2010-06-11,43.1,43.65,42.8,43.2,592568
2010-06-14,43.75,44,43.5,43.5,888363
2010-06-15,44.35,0.00,0.00,0.00,0
2010-06-17,45.4,45.45,44.5,44.5,1158604
2010-06-18,44.65,45.8,44.5,45.8,842397
2010-06-21,45.6,46,44.9,45.2,1463462
2010-06-22,45.95,46.6,45.6,46.6,691616
2010-06-23,46.3,46.3,45.8,46,822154
2010-06-24,45.95,46.7,45.85,46.5,1745330
2010-06-25,43.2,43.5,42.7,43.5,951519
2010-06-28,43.65,43.8,43,43,456611
2010-06-29,43.6,44.2,43.6,44.2,1191142
2010-06-30,42.6,43.6,42.3,42.9,903421
2010-07-01,42.5,42.95,42.05,42.6,798294
2010-07-02,42.6,42.95,42.5,42.5,386448
2010-07-05,42.8,43.15,42.3,42.7,428428
2010-07-06,43.9,43.9,42.8,42.8,699450
2010-07-07,43.8,44,43.6,43.95,542377
2010-07-08,43.8,44.2,43.65,44.1,651283
2010-07-09,44,44.2,43.6,43.8,346057
2010-07-12,44.05,44.3,43.8,44,630206
2010-07-13,44.05,44.5,44.05,44.2,624308
2010-07-14,44.3,44.7,44.2,44.5,914729
2010-07-15,44.15,44.5,44.1,44.3,471303
2010-07-16,43.6,44.15,43.55,44,414162
2010-07-19,45.8,46.35,43.4,43.5,2422100
2010-07-20,45.25,45.75,44.85,45.75,1045530
2010-07-21,44.65,45.6,44.55,45.6,908968
2010-07-22,45.25,45.85,44.9,44.9,950390
2010-07-23,45.8,46.2,45.55,45.8,1569094
2010-07-26,47.8,48.5,46,46.45,2930569
2010-07-27,46.25,48.05,46.25,47.8,1141215
2010-07-28,46.5,46.95,46.25,46.6,830150
2010-07-29,46.75,46.85,46.1,46.1,596443
2010-07-30,45.85,46.55,45.8,46.55,862821
2010-08-02,47,47.75,46,46,1717841
2010-08-03,49.15,49.45,47.7,48,4218438
2010-08-04,49.8,50.2,48.9,49.45,3003456
2010-08-05,49.4,50.5,49.1,50.5,1414180
2010-08-06,49.9,50,49.25,49.25,1008440
2010-08-09,51.5,51.5,50.6,50.7,2185825
2010-08-10,50.5,51.9,50.2,51.9,1536123
2010-08-11,49.65,51,49.5,51,1030258
2010-08-12,49.4,49.6,48.5,49.1,682484
2010-08-13,49.5,49.75,48.8,48.8,914623
2010-08-16,49.75,49.9,49.5,49.5,358670
2010-08-17,49.4,49.95,49.2,49.95,415893
2010-08-18,49.1,49.8,49,49.5,688084
2010-08-19,49.05,49.5,49,49,611055
2010-08-20,48.7,49,48.6,49,529409
2010-08-23,49.5,49.7,48.75,48.85,935562
2010-08-24,50,50.9,50,50,1532629
2010-08-25,48.6,49.85,48.5,49.85,1667200
2010-08-26,48,48.6,48,48.5,776722
2010-08-27,48.7,48.7,47.8,48,861783
2010-08-30,49,49.5,48.7,49.25,762055
2010-08-31,49.2,49.8,48.8,49,1062023
2010-09-01,49.7,50,49.3,49.85,1264405
2010-09-02,49.4,50.1,49.4,50.1,720653
2010-09-03,49.45,49.5,48.8,48.8,1238181
2010-09-06,49.9,50.4,49.7,49.8,1441180
2010-09-07,53.3,53.3,50.5,50.7,9346519
2010-09-08,51.9,52.8,51.6,52.8,3741892
2010-09-09,51.9,52.7,51.6,52.6,1959605
2010-09-10,52.2,52.9,51.8,51.8,1285304
2010-09-13,53,53.2,52.5,53.2,2023396
2010-09-14,52.7,53.3,52.4,52.8,1599185
2010-09-15,53,53,52.1,53,1157459
2010-09-16,52.5,53.4,52.4,53,1258941
2010-09-17,52.4,53,52.3,52.5,928203
2010-09-20,53.5,54.7,52.6,52.7,3027050
2010-09-21,53,0,0,0,0
2010-09-23,52.4,53.4,52,52.6,1089544
2010-09-24,52.7,52.7,51.8,52.1,802275
2010-09-27,52,53.4,51.8,52.8,1066518
2010-09-28,52.2,52.4,51.9,52,725780
2010-09-29,52.4,52.7,52,52.4,1104888
2010-09-30,51.5,52.8,51.3,52.8,1292623
2010-10-01,51.4,51.9,51,51.5,883860
2010-10-04,51.2,51.9,51,51,717920
2010-10-05,51.7,51.7,51,51,617584
2010-10-06,52.4,52.8,51.7,51.9,1130860
2010-10-07,52.6,53.4,52.4,52.8,1417878
2010-10-08,52.1,52.6,52,52.4,491831
2010-10-11,51.5,52.4,51.1,52.4,744331
2010-10-12,51.1,51.6,50.7,51.2,647613
2010-10-13,50.5,51.3,50.2,51.3,732850
2010-10-14,50.5,51.2,50.2,50.5,1205280
2010-10-15,51.3,51.5,50.5,50.5,707516
2010-10-18,50.5,51.5,50.4,51.5,973150
2010-10-19,50.7,50.9,50.3,50.5,467120
2010-10-20,50.3,50.7,50,50.2,476756
2010-10-21,50.1,50.9,50,50.3,1184000
2010-10-22,49.95,50.2,49.8,50.1,1052473
2010-10-25,50.8,50.8,49.9,49.95,418276
2010-10-26,50.8,51.3,50.4,51.3,518548
2010-10-27,50.5,51.2,50.4,51,294960
2010-10-28,50.7,51,50.3,50.5,783462
2010-10-29,50.3,50.6,50.1,50.4,298403
2010-11-01,50.5,50.8,50,50.3,686208
2010-11-02,50.9,51.3,50.8,50.9,797810
2010-11-03,51.5,52,51.1,51.3,2228545
2010-11-04,51.4,52,51.1,52,1035215
2010-11-05,52.9,53.1,51.8,52.1,3750752
2010-11-08,52.2,53.4,51.8,53.4,1515127
2010-11-09,53.1,53.3,52.2,52.2,3586433
2010-11-10,54.8,55.9,53.6,53.6,11144635
2010-11-11,54.3,54.7,53.5,54.5,3336117
2010-11-12,52.5,54.2,52.3,54.2,2633570
2010-11-15,50.7,52.4,50.5,52,2191477
2010-11-16,51.7,51.7,50.1,50.2,1061540
2010-11-17,50.7,51.6,50.6,51,935997
2010-11-18,51,51.3,50.7,50.8,402670
2010-11-19,50.8,51.6,50.6,51.4,738670
2010-11-22,51.2,51.4,50.9,51.4,286460
2010-11-23,51,51.6,50.9,51.4,757790
2010-11-24,51.2,51.3,50.7,50.8,651592
2010-11-25,51,51.5,50.9,51.5,555300
2010-11-26,51,51.1,50.5,51,1333361
2010-11-29,51.6,51.6,51,51.5,571669
2010-11-30,51,51.7,51,51.3,641560
2010-12-01,51.9,51.9,51,51.3,950829
2010-12-02,52.8,53.1,51.9,52.4,2127890
2010-12-03,52.8,53.5,52.1,53,1137545
2010-12-06,52.8,53.4,52.5,53.2,1419766
2010-12-07,53.2,54.3,53.2,53.4,3614918
2010-12-08,53.4,53.9,53.2,53.6,1249357
2010-12-09,54.6,55.2,54,54.2,5158165
2010-12-10,54.1,55,53.7,55,933293
2010-12-13,54.1,54.6,53.7,54.3,751569
2010-12-14,54.4,55,54.4,54.5,1876885
2010-12-15,55.5,55.8,55,55,4403102
2010-12-16,55.5,56.3,54.8,55.9,2865285
2010-12-17,55.3,56,55,55.5,1972273
2010-12-20,56,56.6,55.5,55.9,3948540
2010-12-21,57,58.5,56.5,56.6,7840068
2010-12-22,57,57.8,56.6,57.3,1682158
2010-12-23,57.1,57.7,56.8,57.2,1396704
2010-12-24,56.7,58,56.7,57.4,1400279
2010-12-27,57.1,57.5,56.4,57.4,1418258
2010-12-28,56.6,57.3,56.5,57.2,1027412
2010-12-29,56.8,57.1,56.5,56.5,715096
2010-12-30,56.5,57,55.8,56.7,1805824
2010-12-31,55.7,56.8,55.7,56.1,1483340
2011-01-03,57.8,57.9,56,56,3267500
2011-01-04,57.8,59.1,57.6,58.5,6482005
2011-01-05,57.3,59.3,56.8,58.5,3661885
2011-01-06,57.2,57.5,56.3,57.3,1516049
2011-01-07,56.5,57.1,56,57.1,2314235
2011-01-10,56.3,56.5,55.7,56.5,1119713
2011-01-11,57.3,57.5,55.7,55.7,1771585
2011-01-12,57.1,57.5,56.8,57,1375323
2011-01-13,56.9,57.9,56.9,57.5,1422599
2011-01-14,56.9,57.6,56.4,57,2038330
2011-01-17,56.3,57.5,56,57.5,887411
2011-01-18,56.3,57.2,56.3,56.6,742487
2011-01-19,56,56.8,55.1,56.3,2634972
2011-01-20,55.5,55.9,55.2,55.5,1815392
2011-01-21,55.7,56.1,54.8,55.2,950074
2011-01-24,55.6,55.8,55.3,55.7,702900
2011-01-25,55.8,55.9,55.3,55.7,676340
2011-01-26,56.2,57.6,55.8,56.1,2304295
2011-01-27,56.2,56.7,56,56.5,857790
2011-01-28,56.2,0.0,0.0,0.0,0
2011-02-08,58.4,58.9,56.7,56.8,5506183
2011-02-09,58.2,59.8,58.2,59.5,4493800
2011-02-10,56.8,58.4,56.8,58.2,1781160
2011-02-11,55,57,55,56.8,1608490
2011-02-14,54.9,55.8,54.9,55.4,2780817
2011-02-15,54,54.9,53.8,54.8,1655320
2011-02-16,53.6,54.5,53.6,54.2,1234226
2011-02-17,52.8,54,52.7,53.7,1676483
2011-02-18,54.6,54.6,52.8,53.1,2970825
2011-02-21,53.4,54.5,53.4,54.3,1334305
2011-02-22,51.5,52.7,51.2,52.5,4121264
2011-02-23,50.6,52,50.5,51,3675336
2011-02-24,50.6,51.3,50.5,50.5,2140270
2011-02-25,49.95,0.00,0.00,0.00,0
2011-03-01,51.4,51.6,50.7,50.7,2037710
2011-03-02,51,52.2,51,51.4,2772744
2011-03-03,51.5,51.9,51,51,1429136
2011-03-04,50.6,52.2,50.4,52,1898953
2011-03-07,50.1,51.1,49.8,50.6,2329376
2011-03-08,49.2,50.2,48.5,50,4069282
2011-03-09,49.6,49.8,49.3,49.6,1738785
2011-03-10,49.2,49.6,49,49.6,2471633
2011-03-11,49.6,49.6,48.5,49,1076607
2011-03-14,52.9,53,51.8,53,10610411
2011-03-15,50.2,52.8,49.2,52.6,7403358
2011-03-16,50.6,51.1,50.3,50.8,1933140
2011-03-17,50.8,51.7,50.3,50.3,1987898
2011-03-18,50.9,51.8,50.7,50.8,1476438
2011-03-21,51.2,51.7,51.1,51.4,1247170
2011-03-22,50.9,51.3,50.8,51.2,1389610
2011-03-23,51.2,51.5,50.8,51.5,586838
2011-03-24,51.5,52.1,51.5,51.5,1715326
2011-03-25,51.6,52,51.2,51.5,1595419
2011-03-28,51.6,52,51.3,51.6,1116321
2011-03-29,51.8,52,51.4,51.6,1517001
2011-03-30,52.4,53.3,52,52,4049584
2011-03-31,52.2,52.8,51.8,52.7,1321646
2011-04-01,52.5,0.0,0.0,0.0,0
2011-04-06,52.2,52.5,51.9,52.5,1043995
2011-04-07,52.3,52.5,52.1,52.2,1194301
2011-04-08,51.8,51.9,51.4,51.9,1817302
2011-04-11,51.5,51.5,50.5,51.3,1890480
2011-04-12,51.4,51.5,51.1,51.5,750982
2011-04-13,51.3,51.4,50.6,50.6,1267311
2011-04-14,52.1,52.2,51.1,51.4,1879225
2011-04-15,51,52.1,51,51.8,909739
2011-04-18,50.9,51.5,50.8,50.9,596135
2011-04-19,50.9,51,50.4,50.4,654689
2011-04-20,51.2,51.5,50.9,51.5,626605
2011-04-21,51.8,51.9,51.3,51.9,765986
2011-04-22,51.8,52.3,51.3,51.9,818684
2011-04-25,52,52.2,51.7,51.9,534521
2011-04-26,52.7,53.1,52,52,2395085
2011-04-27,53.1,53.6,52.8,53,2253038
2011-04-28,52.6,52.9,51.8,52.9,1726280
2011-04-29,52.2,0.0,0.0,0.0,0
2011-05-03,52.1,52.1,51.2,51.8,769502
2011-05-04,51.9,52,51.2,52,657051
2011-05-05,51.5,52.1,51.5,51.6,612981
2011-05-06,52,52.4,51.6,51.9,690789
2011-05-09,51.3,52.3,51.3,51.8,1069493
2011-05-10,51.6,52.1,51,51.3,1065174
2011-05-11,51.6,51.9,51.2,51.6,660214
2011-05-12,51.5,51.5,51.1,51.4,522897
2011-05-13,51.6,51.6,51.2,51.5,335728
2011-05-16,51.4,51.5,51,51.3,531400
2011-05-17,51,51.7,51,51.5,507346
2011-05-18,51.7,51.7,51.2,51.3,367113
2011-05-19,51.8,52.2,51.6,52.2,1145597
2011-05-20,51.8,51.9,51.5,51.9,765058
2011-05-23,51,51.5,51,51.5,795575
2011-05-24,50.9,51,50.3,51,703783
2011-05-25,50.7,51,50.3,50.5,536501
2011-05-26,50.7,50.9,50.5,50.7,549570
2011-05-27,50.9,51,50.5,50.5,386182
2011-05-30,50.5,50.9,50.5,50.8,695877
2011-05-31,51.5,51.6,50.5,50.6,1070388
2011-06-01,51.7,51.8,51.2,51.5,433278
2011-06-02,51.4,51.5,50.8,51,1085211
2011-06-03,51.8,0.0,0.0,0.0,0
2011-06-07,52,52.4,51.5,51.9,908686
2011-06-08,52.3,52.7,52.1,52.5,606368
2011-06-09,51.9,52.4,51.8,52.4,457060
2011-06-10,52,52.3,51.1,52,766528
2011-06-13,51.3,51.9,51.1,51.2,335292
2011-06-14,51.8,51.8,51.1,51.2,627203
2011-06-15,52.5,52.5,51.2,51.8,1169448
2011-06-16,51.6,52.3,51.6,52.3,954938
2011-06-17,52,52.3,52,52,825167
2011-06-20,52.2,52.3,51.7,52,465419
2011-06-21,52.3,52.6,51.9,52.3,677000
2011-06-22,52.3,52.6,51.8,52.6,987343
2011-06-23,52.2,52.3,51.6,52,312175
2011-06-24,52.3,52.3,51.8,52.2,679506
2011-06-27,52.5,52.5,52,52.1,862150
2011-06-28,52.3,52.8,52.3,52.8,932659
2011-06-29,53,53.1,52.3,52.4,2948284
2011-06-30,54.5,54.5,53.2,53.2,5595717
2011-07-01,51.6,52,51.4,52,3160797
2011-07-04,51.4,51.8,51.4,51.8,1514129
2011-07-05,51.5,51.5,50.9,51.2,921343
2011-07-06,52.1,52.3,51.1,51.6,818561
2011-07-07,52.4,52.8,51.6,52.1,1606061
2011-07-08,52.9,53,52.4,53,1624855
2011-07-11,52.7,53,52,53,819595
2011-07-12,52.3,52.5,51.8,52,709875
2011-07-13,52.2,52.4,51.8,52,488999
2011-07-14,51.9,52.3,51.7,52.2,728185
2011-07-15,52.4,52.6,51.8,52,756620
2011-07-18,53,53.2,52.1,52.2,1187453
2011-07-19,52.7,53,52.5,53,559700
2011-07-20,53,53.2,52.6,53,844638
2011-07-21,53,53.4,52.6,53.4,702575
2011-07-22,52.9,53,52.7,52.9,528511
2011-07-25,52.3,53,52.2,53,365929
2011-07-26,52.7,52.7,52.2,52.3,530622
2011-07-27,52.9,52.9,52.3,52.8,626555
2011-07-28,53,53,52.4,52.7,564912
2011-07-29,53.3,53.9,53.2,53.2,2225183
2011-08-01,55,55.1,53.9,53.9,5089322
2011-08-02,55,55,54.4,55,2262500
2011-08-03,55,55,54.5,54.6,3361178
2011-08-04,53.7,56.6,53.5,56,6883958
2011-08-05,51.5,52.1,50,50.5,3134697
2011-08-08,50.5,51.9,50.1,51.1,2480389
2011-08-09,50.9,51.9,49.6,49.6,2477402
2011-08-10,52.8,53.5,51,51.8,2866063
2011-08-11,54.1,54.5,51.3,52,2872877
2011-08-12,53,55.1,52,54.9,2874382
2011-08-15,53.8,54.5,53.5,54,1976910
2011-08-16,54.4,54.4,53.5,54,1461360
2011-08-17,54.3,55,53.8,55,1414691
2011-08-18,54.9,55.1,53.9,54.3,3435069
2011-08-19,54.4,55,53.8,55,1848973
2011-08-22,55.2,56,54.6,55,4414210
2011-08-23,55.2,56.3,54.6,56.1,2267442
2011-08-24,54.1,55.5,52.9,55.5,2849369
2011-08-25,54.6,55.2,54.2,55,2884907
2011-08-26,54.7,55.3,54.3,55.3,1764530
2011-08-29,55.2,55.8,55,55.2,1670937
2011-08-30,55.7,55.7,54.9,55.6,1660145
2011-08-31,56.3,56.3,55.4,55.9,2394008
2011-09-01,56.5,57.4,56.1,56.4,3578637
2011-09-02,56.2,56.5,55.3,56.5,1268141
2011-09-05,54.6,55.4,54.5,55.2,1278985
2011-09-06,54.4,56,54.2,54.6,1897640
2011-09-07,55.7,56,54.6,55,2231702
2011-09-08,57.2,57.5,55.8,56,5527948
2011-09-09,57.2,0.0,0.0,0.0,0
2011-09-13,56.1,57.2,55.8,57,2334333
2011-09-14,54,56.8,53,56.1,2398535
2011-09-15,55.7,56,54.7,54.9,1267239
2011-09-16,57,57.2,56.1,56.2,2147905
2011-09-19,56.3,57,56.2,57,583651
2011-09-20,56,57,55.1,56.5,940766
2011-09-21,57.1,57.5,55.6,56.2,1973350
2011-09-22,55.8,57.3,55.6,56.5,1846855
2011-09-23,53.6,54.8,52.5,53.8,2544685
2011-09-26,52.6,54.8,52.5,53.6,1774835
2011-09-27,53.2,54.5,52.7,54.5,1381767
2011-09-28,50.9,53.5,50.1,53.3,4501999
2011-09-29,51.3,52.9,50.3,50.4,2615155
2011-09-30,52.2,52.2,51.1,51.9,2137100
2011-10-03,51.4,52.9,51,51.9,1557309
2011-10-04,52,52.1,50.8,51.1,937429
2011-10-05,52.3,53.5,52.2,52.6,1822131
2011-10-06,53.7,53.8,53,53.7,1287100
2011-10-07,53.7,0.0,0.0,0.0,0
2011-10-11,54.4,55.8,53.8,54.4,1981799
2011-10-12,51.8,54.4,51.6,54.4,3162860
2011-10-13,52.5,52.7,51.4,52.7,1810317
2011-10-14,51.8,52.5,51.7,52.5,941247
2011-10-17,51.8,52.4,51.7,52.2,1013920
2011-10-18,52.2,52.2,51.2,51.2,1300345
2011-10-19,51.9,52.3,51.2,52.3,953109
2011-10-20,50.9,51.8,50.8,51.5,1446469
2011-10-21,50.7,50.9,50.5,50.7,1201510
2011-10-24,51.7,51.9,51.2,51.4,887301
2011-10-25,51.2,51.5,50.8,51.1,1405509
2011-10-26,51.2,51.2,50.5,50.9,1143965
2011-10-27,51.2,51.5,50.9,51,370219
2011-10-28,51.9,52.7,51.5,52,1245114
2011-10-31,50.7,52.3,50.6,52.1,1128178
2011-11-01,50.8,51.1,50.6,51,1244030
2011-11-02,50.8,50.8,50,50.5,1773471
2011-11-03,50.6,50.6,50,50.6,1448300
2011-11-04,51,51.1,50.6,50.9,781846
2011-11-07,51.1,51.4,50.8,51.3,532483
2011-11-08,51.7,52,51.1,51.4,1495931
2011-11-09,51.6,52,51.4,52,518190
2011-11-10,50.7,51.4,50.4,51,993270
2011-11-11,50.8,51.4,50.5,51.4,664306
2011-11-14,51.6,51.7,51.1,51.4,583668
2011-11-15,51.7,51.8,51.1,51.6,512050
2011-11-16,50.7,51.8,50.7,51.8,601272
2011-11-17,50.9,50.9,50.5,50.7,434246
2011-11-18,50.2,50.8,50.1,50.8,473636
2011-11-21,49.65,50.4,48.9,50.1,1576400
2011-11-22,49.7,49.95,49.3,49.3,706200
2011-11-23,48.7,49.7,48.65,49.7,826596
2011-11-24,49.2,49.5,48.05,48.2,761099
2011-11-25,48.15,49.8,47.8,49.1,751370
2011-11-28,48.05,48.8,47.8,48.55,628164
2011-11-29,48.1,48.5,47.9,48.5,693558
2011-11-30,47.25,48.4,47,48.1,1389967
2011-12-01,48.35,49.1,47.8,48.05,1908116
2011-12-02,48.45,48.5,47.6,48.3,946105
2011-12-05,48.3,48.45,47.8,48.45,444303
2011-12-06,47.7,48.05,47.5,47.9,670226
2011-12-07,47.2,47.8,47,47,1328205
2011-12-08,46.6,47.45,46.5,47.2,1369505
2011-12-09,46.2,46.4,45.55,46,2029324
2011-12-12,47.35,47.35,46.3,46.55,504551
2011-12-13,47,47.15,46.5,46.5,436980
2011-12-14,47,47.45,46.95,47.45,518362
2011-12-15,46.3,46.75,46.1,46.75,744250
2011-12-16,46.15,47,46.1,46.2,283538
2011-12-19,45.55,46.65,45.4,46.65,887250
2011-12-20,46.3,46.45,45.65,46,656255
2011-12-21,47.05,47.3,46.6,46.95,784300
2011-12-22,47.2,47.3,46.7,47.05,228412
2011-12-23,47.7,48.1,47.2,47.8,937372
2011-12-26,47.8,48.4,47.6,48.4,392421
2011-12-27,48.1,48.1,47.6,47.8,247502
2011-12-28,48.15,48.15,47.1,48,1194175
2011-12-29,48.1,48.1,47.5,47.5,338500
2011-12-30,48.3,48.4,47.7,48.1,791326
2012-01-02,47.9,48.1,47.5,48.1,115070
2012-01-03,48.2,48.3,47.9,47.9,302600
2012-01-04,48.1,48.3,47.6,48,946001
2012-01-05,47.75,48,47.55,47.7,461035
2012-01-06,47.15,47.8,47.1,47.7,654201
2012-01-09,47.05,47.4,46.9,47.4,308299
2012-01-10,47.05,47.7,47,47.45,1380502
2012-01-11,47.4,47.4,47.05,47.4,626485
2012-01-12,47.6,47.6,47.1,47.5,477745
2012-01-13,47.85,48.1,47.6,47.65,777001
2012-01-16,47.5,48.4,47.1,48.4,627820
2012-01-17,47.9,48,47.4,47.8,430412
2012-01-18,48.1,0.0,0.0,0.0,0
2012-01-30,48.95,49.3,48.25,48.6,1088735
2012-01-31,49.5,49.7,48.8,48.95,915310
2012-02-01,49.35,49.85,49.05,49.2,535002
2012-02-02,51.2,51.2,49.8,49.85,1490312
2012-02-03,51,51.5,50.3,51.5,687669
2012-02-06,49.8,50.7,49.5,50.7,623100
2012-02-07,49.5,50.1,49,49.2,652650
2012-02-08,50,50,49.3,50,854753
2012-02-09,50.4,50.5,49.4,50,1340699
2012-02-10,49.9,50.7,49.8,50.7,564220
2012-02-13,49.95,50.5,49.8,50.1,1167000
2012-02-14,49.5,50.5,49.5,49.95,1106000
2012-02-15,50,50.2,49.5,49.55,1001000
2012-02-16,49.4,50.3,49.1,50,1224000
2012-02-17,49.9,50.3,49.7,49.9,2035000
2012-02-20,51,51.5,50.5,50.8,3050000
2012-02-21,50.6,51.5,50.1,51.4,1272000
2012-02-22,50.6,51.1,50.5,50.8,962000
2012-02-23,50.7,50.7,50.1,50.5,1016000
2012-02-24,50.4,50.6,50.2,50.6,585000
2012-02-29,51.8,51.8,50.7,51.1,2114000
2012-03-01,51.8,52.5,51.5,51.9,1502000
2012-03-02,51.7,52.3,51.4,52.3,846000
2012-03-03,51.2,51.7,51.2,51.7,245000
2012-03-05,50.6,51.7,50.6,51.7,387000
2012-03-06,50.2,50.5,49.8,50.4,993000
2012-03-07,50.6,50.6,49.7,49.95,508000
2012-03-08,50.8,51.1,50.2,50.6,668000
2012-03-09,51.2,51.3,50.3,51,701000
2012-03-12,51,51.5,50.7,51.5,846000
2012-03-13,51.3,51.6,51.3,51.5,1348000
2012-03-14,51.7,51.9,51.3,51.9,595000
2012-03-15,51.8,51.9,51.4,51.9,927000
2012-03-16,51.6,52,51.1,51.9,728000
2012-03-19,51.7,51.8,51.1,51.8,409000
2012-03-20,51.8,52,51.4,51.9,1044000
2012-03-21,51.8,51.9,51.4,51.4,839000
2012-03-22,52,52.3,51.7,51.8,1095000
2012-03-23,52.1,52.5,51.7,52.5,914000
2012-03-26,51.7,52.1,50.9,52.1,968000
2012-03-27,52,52,51.4,52,470000
2012-03-28,52.2,52.2,51.6,52.2,819000
2012-03-29,51.4,52.2,50.5,52.2,1385000
2012-03-30,51.9,51.9,50.8,51.1,1159000
2012-04-02,51.9,52,51.1,51.6,819000
2012-04-03,51.9,52,51.3,51.9,905000
2012-04-05,51.6,51.8,50.6,50.8,1054000
2012-04-06,51.6,51.7,50.8,51.6,894000
2012-04-09,51.6,51.7,50.5,50.6,639000
2012-04-10,51.8,52,51.2,51.7,897000
2012-04-11,51.6,52,50.7,51.5,978000
2012-04-12,51.7,51.7,50.8,51.1,715000
2012-04-13,51.8,52,51.4,51.8,645000
2012-04-16,51.2,51.8,51,51.1,648000
2012-04-17,51.3,51.5,50.9,51.5,898000
2012-04-18,51.4,52,50.8,51.9,1346000
2012-04-19,51.8,51.8,50.9,51.3,868000
2012-04-20,50.1,51.8,50,51.8,1004000
2012-04-23,50.5,50.5,49.8,50,920000
2012-04-24,49.35,50.1,49.3,50.1,780000
2012-04-25,49.55,49.7,49.3,49.35,241000
2012-04-26,49.7,49.85,49.4,49.5,228000
2012-04-27,49.5,49.95,49.1,49.95,411000
2012-04-30,49.2,49.5,49.1,49.1,424000
2012-05-02,50.3,50.3,49.5,49.5,457000
2012-05-03,49.55,50.1,49.5,50.1,295000
2012-05-04,50.3,50.3,49.4,49.4,395000
2012-05-07,50,50.2,49.45,50,974000
2012-05-08,50.1,50.2,49.8,49.8,329000
2012-05-09,49.8,50.1,49.2,49.7,692000
2012-05-10,49.95,50.1,49.4,49.4,316000
2012-05-11,50,50.1,49.5,49.65,572000
2012-05-14,49.7,50,49.25,50,134000
2012-05-15,49.8,49.95,49.2,49.2,199000
2012-05-16,49,50,49,49.5,1002000
2012-05-17,49.5,49.7,48.95,49.35,317000
2012-05-18,49,49.3,48.4,48.9,648000
2012-05-21,49,49.2,48.8,49,370000
2012-05-22,49.7,49.7,48.9,49.2,387000
2012-05-23,49.2,49.2,48.55,49,346000
2012-05-24,49.15,49.35,48.9,48.95,238000
2012-05-25,48.85,49.45,48.55,49,301000
2012-05-28,49,49,48.5,48.8,214000
2012-05-29,50.1,50.2,48.8,49,272000
2012-05-30,49.05,50.1,48.7,49.6,1111000
2012-05-31,51.9,51.9,48.5,48.7,1457000
2012-06-01,49.5,50,49.25,49.6,565000
2012-06-04,49.15,49.55,48.6,48.6,479000
2012-06-05,49.15,49.7,49.1,49.6,478000
2012-06-06,49.25,49.45,48.8,49.1,384000
2012-06-07,49.65,49.8,49.3,49.8,183000
2012-06-08,49.95,49.95,49.2,49.65,265000
2012-06-11,50.5,50.7,49.6,50.3,386000
2012-06-12,49,50.4,49,49.85,534000
2012-06-13,49.15,49.5,49,49.1,427000
2012-06-14,48.9,49.5,48.9,49.15,469000
2012-06-15,49.75,49.75,48.9,49.45,498000
2012-06-18,50,50.3,49.85,50.2,324000
2012-06-19,50.3,50.3,49.4,50,126000
2012-06-20,50.4,50.4,49.7,50.3,387000
2012-06-21,50.4,50.4,49.7,49.85,287000
2012-06-22,49.5,49.95,49.4,49.6,454000
2012-06-25,49.5,49.55,49.1,49.5,407000
2012-06-26,49.5,49.65,49.15,49.2,457000
2012-06-27,49.5,49.8,49.15,49.5,543000
2012-06-28,49.6,49.85,49.45,49.8,659000
2012-06-29,50,50.1,49.6,49.6,564000
2012-07-02,50,50.2,49.5,50,374000
2012-07-03,50.4,50.5,49.9,50.1,721000
2012-07-04,50.4,50.5,50.2,50.5,584000
2012-07-05,50.9,50.9,50,50.4,809000
2012-07-06,50.9,51,50,50.8,702000
2012-07-09,50.9,51.2,50.3,50.3,537000
2012-07-10,51,51.1,50.5,50.5,747000
2012-07-11,51.4,51.4,50.9,51.2,584000
2012-07-12,50.7,51.4,50.6,51.2,1400000
2012-07-13,50,50.7,50,50.3,1001000
2012-07-16,46.5,47.1,46,47,550000
2012-07-17,46.55,46.95,46,46.5,543000
2012-07-18,46.4,46.55,46.2,46.35,321000
2012-07-19,46.8,47.2,46.3,46.4,382000
2012-07-20,47.1,47.1,46.6,47,111000
2012-07-23,46.5,46.5,46,46.5,460000
2012-07-24,47,47,46.1,46.45,481000
2012-07-25,47,47.2,46.45,46.8,294000
2012-07-26,46.2,46.9,46.15,46.6,610000
2012-07-27,47.7,47.7,46.5,46.95,721000
2012-07-30,48.4,48.4,47.6,47.9,370000
2012-07-31,47.8,48.5,47.8,48.2,379000
2012-08-01,47.8,48.2,47.55,48.2,198000
2012-08-03,48,48.05,47.25,47.8,178000
2012-08-06,48.75,48.9,48,48.6,427000
2012-08-07,49,49,48.7,48.8,266000
2012-08-08,49,49,48.5,49,349000
2012-08-09,50,50,49,49,891000
2012-08-10,50,50,49.5,50,366000
2012-08-13,49.75,50,49.3,50,218000
2012-08-14,49.75,50.5,49.7,49.75,677000
2012-08-15,49.75,50,49.5,49.5,399000
2012-08-16,49.05,50,48.5,49.85,1067000
2012-08-17,48.8,49.05,48.7,48.7,320000
2012-08-20,48.55,49.2,48.55,48.6,220000
2012-08-21,48.5,49.3,48.45,48.5,811000
2012-08-22,48.3,48.85,48.2,48.5,375000
2012-08-23,48.1,48.65,48,48,359000
2012-08-24,47.8,48.1,47.7,48,501000
2012-08-27,47.45,47.9,47.45,47.7,690000
2012-08-28,47.2,47.7,47.2,47.5,510000
2012-08-29,46.8,47.5,46.75,47.1,661000
2012-08-30,46.65,46.9,46.65,46.8,932000
2012-08-31,46.3,46.65,46.3,46.5,406000
2012-09-03,47.2,47.6,46.3,46.7,253000
2012-09-04,46.65,47.35,46.5,47.35,292000
2012-09-05,46.1,46.5,46.05,46.5,511000
2012-09-06,46.35,46.45,46.05,46.1,204000
2012-09-07,47.2,47.35,46.75,46.8,313000
2012-09-10,46.85,47.45,46.85,47.45,379000
2012-09-11,47.3,47.3,46.85,46.85,231000
2012-09-12,47.9,47.95,47.45,47.45,464000
2012-09-13,48.2,48.25,47.9,48,318000
2012-09-14,48.9,48.9,48.5,48.5,540000
2012-09-17,50.3,50.6,49.2,49.3,1415000
2012-09-18,50,50.4,49.3,50.4,699000
2012-09-19,49.9,50,49.2,50,847000
2012-09-20,50.3,50.4,49.4,49.9,548000
2012-09-21,50.4,50.5,49.8,50.5,645000
2012-09-24,50.2,50.4,49.7,50.4,228000
2012-09-25,50.3,50.4,49.65,49.65,360000
2012-09-26,50.3,50.3,49.8,49.8,304000
2012-09-27,50.4,50.5,50.1,50.3,842000
2012-09-28,50.8,50.8,50.3,50.5,482000
2012-10-01,50.4,50.5,50.1,50.5,103000
2012-10-02,50.5,50.6,50,50.2,263000
2012-10-03,49.7,50.4,49.65,49.8,195000
2012-10-04,49.7,49.9,49.45,49.9,274000
2012-10-05,49.6,49.9,49.25,49.5,199000
2012-10-08,49.5,49.5,48.8,49.5,275000
2012-10-09,49.45,49.8,48.6,48.6,383000
2012-10-11,49,49.4,48.65,48.65,219000
2012-10-12,48.8,48.9,48.6,48.7,138000
2012-10-15,48.5,48.8,48.5,48.8,57000
2012-10-16,48.25,49,48.25,48.6,138000
2012-10-17,48.2,48.95,48.2,48.3,196000
2012-10-18,48.95,48.95,48.1,48.1,107000
2012-10-19,49.5,49.5,48.45,48.9,442000
2012-10-22,48.65,48.7,48.4,48.6,235000
2012-10-23,48.15,48.45,48.1,48.15,238000
2012-10-24,47.55,48,47.4,48,425000
2012-10-25,47.3,47.8,47.15,47.8,194000
2012-10-26,47,47.3,47,47.2,558000
2012-10-29,46.2,46.7,46.2,46.7,338000
2012-10-30,46.5,46.9,46.15,46.15,410000
2012-10-31,46.2,46.75,46.15,46.5,253000
2012-11-01,47.85,47.85,46.1,46.2,767000
2012-11-02,47.1,48,47.05,48,212000
2012-11-05,47.35,47.35,46.15,47,296000
2012-11-06,47.4,47.5,46.75,47.5,192000
2012-11-07,47.6,47.7,47.1,47.4,290000
2012-11-08,46.8,47.15,46.55,47,427000
2012-11-09,47.2,47.2,46.3,46.5,278000
2012-11-12,47.25,47.35,46.8,47.2,114000
2012-11-13,46.8,47.6,46.8,47.35,672000
2012-11-14,46.75,47,46.6,46.8,188000
2012-11-15,47.6,47.6,46.3,46.75,512000
2012-11-16,47.4,47.75,47.1,47.5,363000
2012-11-19,47.55,47.8,47.05,47.05,478000
2012-11-20,48.3,48.45,47.8,47.8,581000
2012-11-21,48.75,48.75,48.2,48.3,644000
2012-11-22,49.5,49.5,48.75,48.85,633000
2012-11-23,50,50,49.3,49.85,833000
2012-11-26,50,50.4,49.4,50.4,451000
2012-11-27,50.2,50.2,49.85,50,579000
2012-11-28,49.45,49.95,48.7,49.6,631000
2012-11-29,49.75,50,49.05,49.7,682000
2012-11-30,49.2,50.1,49.2,50,1872000
2012-12-03,49.6,49.9,49.1,49.2,454000
2012-12-04,49.1,49.75,49.1,49.3,605000
2012-12-05,50,50,48.95,49,930000
2012-12-06,50,50,49.55,50,497000
2012-12-07,50,50,49.85,49.9,372000
2012-12-10,50,50,49.55,50,312000
2012-12-11,50.2,50.2,49.4,49.6,682000
2012-12-12,50.4,50.4,50,50.2,509000
2012-12-13,50.8,50.8,50,50.4,589000
2012-12-14,50.7,50.8,50,50.8,353000
2012-12-17,50.4,50.6,50,50.6,383000
2012-12-18,50.6,50.7,49.9,50.7,495000
2012-12-19,50.8,50.8,50.1,50.1,396000
2012-12-20,50.4,50.6,50.1,50.6,239000
2012-12-21,49.8,50.8,49.8,50.6,879000
2012-12-22,50,50.3,49.7,49.7,19000
2012-12-24,50.5,50.5,49.7,50.4,161000
2012-12-25,50.7,50.8,50.2,50.5,266000
2012-12-26,51.6,52.2,50.8,50.8,1361000
2012-12-27,51.9,52.1,51.2,52,451000
2012-12-28,51.7,52.1,51.6,52,371000
2013-01-02,52.9,52.9,51.7,51.8,935000
2013-01-03,53.9,54,53,53,2486000
2013-01-04,54,54,53.4,53.9,1001000
2013-01-07,53,54.2,52.9,54.1,944000
2013-01-08,52.5,53.3,51.8,53.3,724000
2013-01-09,53,53,52,52.5,657000
2013-01-10,53,53.8,52.6,53.2,958000
2013-01-11,52.9,53.1,52.2,53,214000
2013-01-14,53,53.8,52.9,53,1034000
2013-01-15,52.2,53.7,52,53.7,370000
2013-01-16,51.8,52.7,51.7,52.7,333000
2013-01-17,51.3,52.4,51.1,51.8,450000
2013-01-18,52.3,52.3,51.4,51.6,196000
2013-01-21,51.7,52,51.3,52,347000
2013-01-22,52,52,51.1,51.1,170000
2013-01-23,52.8,53,52.4,53,443000
2013-01-24,52,52.8,52,52.8,285000
2013-01-25,52,52.8,51.7,52.8,414000
2013-01-28,52.6,52.7,52.1,52.7,150000
2013-01-29,52.7,52.9,52.1,52.6,232000
2013-01-30,53,53.2,52.8,52.8,549000
2013-01-31,53,53.2,52.8,53.1,526000
2013-02-01,53,53.2,52.9,53,474000
2013-02-04,53,53.2,52.9,53,735000
2013-02-05,53,53.2,52.6,53.2,554000
2013-02-06,52.8,53.2,52.8,53,422000
2013-02-18,52.9,53.8,52.7,53.2,797000
2013-02-19,51.8,53.7,51.8,53.6,593000
2013-02-20,53,53,52.1,52.5,444000
2013-02-21,52.6,53.5,52.6,53.5,510000
2013-02-22,52.9,53.4,52.2,53.4,583000
2013-02-25,52.3,53,52.2,52.7,426000
2013-02-26,52.1,52.9,52.1,52.9,477000
2013-02-27,51.7,52.7,51.7,52.5,747000
2013-03-01,52.9,52.9,51.2,51.2,376000
2013-03-04,52.7,53.2,52.3,53.2,821000
2013-03-05,52.5,52.9,52.3,52.7,216000
2013-03-06,52.9,53.1,52.5,53,184000
2013-03-07,53,53,52.5,52.5,175000
2013-03-08,52.4,53.2,52.3,52.6,545000
2013-03-11,52.5,52.9,52.3,52.8,487000
2013-03-12,52.6,52.6,52.2,52.5,305000
2013-03-13,52.2,52.6,51.9,52.3,581000
2013-03-14,52,52.4,51.9,52,659000
2013-03-15,51.8,52.3,51.8,52,1104000
2013-03-18,51.9,52,51.5,51.7,884000
2013-03-19,51.9,52,51.3,51.6,931000
2013-03-20,50.6,51.4,50.6,51.3,1752000
2013-03-21,50.8,51.8,50.7,51.5,921000
2013-03-22,50.8,51.3,50.8,51.3,689000
2013-03-25,51.8,51.9,51.4,51.4,352000
2013-03-26,51.9,52,51.3,52,256000
2013-03-27,52.2,52.2,51.3,51.9,407000
2013-03-28,52.1,52.4,51.9,52.1,506000
2013-03-29,51.6,52.1,51.1,51.8,564000
2013-04-01,51.8,52,51.4,51.6,294000
2013-04-02,52.2,52.2,51.3,51.8,465000
2013-04-03,52,52.2,51.6,52.2,508000
2013-04-08,51,51.9,50.7,51,789000
2013-04-09,50.7,51.5,50.6,51.5,501000
2013-04-10,50.4,50.7,50,50.7,561000
2013-04-11,50.8,50.9,50.1,50.1,223000
2013-04-12,51.5,51.5,50.3,50.3,353000
2013-04-15,51.5,51.6,51.1,51.6,236000
2013-04-16,51.6,51.7,50.5,51.7,409000
2013-04-17,52.1,52.1,50.8,51.8,879000
2013-04-18,52,52.1,51.1,51.8,400000
2013-04-19,52.3,52.5,51.4,52,702000
2013-04-22,52.3,53,52.3,52.9,582000
2013-04-23,52.9,53,52,52.4,372000
2013-04-24,52.8,53,52.6,52.6,272000
2013-04-25,53.2,53.3,52.2,52.8,760000
2013-04-26,53,53.4,52.8,53.2,382000
2013-04-29,52.5,53,52.4,53,205000
2013-04-30,53,53,52.4,52.8,494000
2013-05-02,53,53,52.4,53,296000
2013-05-03,52.9,53,52.2,53,189000
2013-05-06,52.7,53,52.7,53,168000
2013-05-07,53,53,52.7,53,361000
2013-05-08,53,53.4,52.8,53,526000
2013-05-09,53.2,53.3,52.9,53,317000
2013-05-10,53.4,53.4,53.1,53.4,434000
2013-05-13,52.7,53.1,52.7,53.1,104000
2013-05-14,52.9,53,52.4,53,271000
2013-05-15,52.6,53,52.6,52.9,383000
2013-05-16,53.3,53.3,52.8,52.8,617000
2013-05-17,52.7,53.4,52.6,53,302000
2013-05-20,53.4,53.4,52.4,53,340000
2013-05-21,53.6,53.6,53,53,601000
2013-05-22,54.8,54.9,53.6,53.6,1764000
2013-05-23,54.7,54.9,53.6,54.3,932000
2013-05-24,55,55,54.3,54.4,490000
2013-05-27,55.4,55.4,54.7,55,785000
2013-05-28,54.9,55.4,54.7,55,466000
2013-05-29,55,55.1,54.9,54.9,873000
2013-05-30,54.2,55,53.2,55,694000
2013-05-31,57.9,57.9,53.8,54.5,6192000
2013-06-03,56,57.2,55.3,57.2,1484000
2013-06-04,55.5,56,54.1,55.3,780000
2013-06-05,55.1,55.1,54.2,54.3,517000
2013-06-06,53.2,54.3,53.2,54.3,502000
2013-06-07,52.8,53.4,52.5,53.2,1165000
2013-06-10,53.4,53.4,52.8,52.9,189000
2013-06-11,52.8,53.2,52.8,53,462000
2013-06-13,53.4,53.5,52.6,52.7,1127000
2013-06-14,52.6,53.3,52.5,52.9,1003000
2013-06-17,52.9,53,52.5,53,499000
2013-06-18,52.6,53,52.3,52.5,771000
2013-06-19,52.3,53,52.3,53,608000
2013-06-20,52.9,53,52,52.1,989000
2013-06-21,56.5,56.5,51.7,52,2070000
2013-06-24,52.8,55,52.8,54.8,898000
2013-06-25,52.5,53.4,52.5,52.8,677000
2013-06-26,55,55,52.6,53,1267000
2013-06-27,51.7,52,50.6,51.5,791000
2013-06-28,53,53,51.6,51.9,963000
2013-07-01,52,53,51.9,52,703000
2013-07-02,52.4,52.8,51.6,52,312000
2013-07-03,51.4,52.5,51.4,52,383000
2013-07-04,51.3,52,51,52,318000
2013-07-05,51.9,52.8,51.3,51.3,561000
2013-07-08,51,52,50.9,51.9,401000
2013-07-09,50.7,52.2,50.7,51,662000
2013-07-10,51.7,51.8,50.9,51.3,511000
2013-07-11,53,53,52,52.2,916000
2013-07-12,52.8,53,52.3,53,485000
2013-07-15,53.5,53.5,52.5,52.5,674000
2013-07-16,54.8,54.8,53,53,933000
2013-07-17,54.5,54.8,54,54,730000
2013-07-18,54.5,55,54.3,54.3,1039000
2013-07-19,54.5,55,54.3,54.5,677000
2013-07-22,54.2,55,54,54.9,362000
2013-07-23,54.5,54.9,54.1,54.5,670000
2013-07-24,54,54.5,54,54.5,264000
2013-07-25,54,54,53.3,53.5,339000
2013-07-26,54,54,53.6,54,268000
2013-07-29,53.1,54,53.1,54,107000
2013-07-30,53.9,54.8,53,53.5,1010000
2013-07-31,52.9,53.8,52.9,53.8,250000
2013-08-01,52.5,53,52.3,52.9,252000
2013-08-02,52.5,53.5,52.3,52.5,232000
2013-08-05,52.4,52.6,52.3,52.4,139000
2013-08-06,51.8,54,51.5,52.3,413000
2013-08-07,51.8,52.4,51.4,52.4,512000
2013-08-08,51.5,51.7,51.5,51.5,406000
2013-08-09,51.2,51.5,51,51.4,400000
2013-08-12,51.9,52,51.2,51.2,97000
2013-08-13,53,53,52.1,52.3,371000
2013-08-14,52.9,53.6,52.2,53.6,494000
2013-08-15,51.8,52.1,51.5,52.1,394000
2013-08-16,51.7,52.2,51.5,51.5,271000
2013-08-19,51.6,52,51.5,52,216000
2013-08-20,52,52.2,51.3,52.2,573000
2013-08-22,52.2,52.3,51.5,51.6,676000
2013-08-23,51.7,52.5,51.6,52.5,231000
2013-08-26,51.9,52,51.3,51.8,153000
2013-08-27,51.5,52.2,51.3,52,432000
2013-08-28,51.7,52.3,51.3,51.5,326000
2013-08-29,51.6,52.3,51.6,51.9,560000
2013-08-30,52.8,52.8,51.5,51.6,651000
2013-09-02,52.5,53,52.1,52.6,216000
2013-09-03,52.5,52.8,52.2,52.8,312000
2013-09-04,52.5,52.7,52.2,52.5,299000
2013-09-05,52.8,52.8,52.4,52.8,423000
2013-09-06,52.4,52.9,52.4,52.8,489000
2013-09-09,52.8,52.9,52.3,52.4,566000
2013-09-10,52.7,53,52.4,52.8,487000
2013-09-11,53,53,52.6,52.6,624000
2013-09-12,53,53,52.5,53,597000
2013-09-13,52.6,52.9,52.4,52.9,209000
2013-09-16,52,52.7,51.9,52.3,733000
2013-09-17,52.2,52.2,51.9,52,566000
2013-09-18,51.6,52.2,51.6,52.1,255000
2013-09-23,52.6,52.6,51.9,52.2,692000
2013-09-24,52.5,52.6,52.3,52.6,291000
2013-09-25,52.7,52.7,52,52.5,583000
2013-09-26,51.9,52.7,51.9,52.7,567000
2013-09-27,52.3,52.6,52,52.3,408000
2013-09-30,52,52.7,51.9,52.2,696000
2013-10-01,52,52.4,51.9,52,657000
2013-10-02,52.5,52.5,52,52,569000
2013-10-03,52.9,53,52,52.4,706000
2013-10-04,53.2,53.2,52.7,53,547000
2013-10-07,52.9,53.2,52.5,53.2,320000
2013-10-08,53.4,53.5,52.8,53.5,606000
2013-10-09,52.5,53.5,52.4,53.5,301000
2013-10-11,53.4,53.5,52.5,53.4,550000
2013-10-14,53.5,53.5,52.7,53.3,521000
2013-10-15,54,54,53.1,53.8,581000
2013-10-16,53.8,54.2,53.7,54,430000
2013-10-17,53.8,54.5,53.7,54.5,314000
2013-10-18,54.8,54.8,53.6,54.4,719000
2013-10-21,53.3,54.8,53.1,54.8,250000
2013-10-22,52.4,53.6,52.4,53.6,325000
2013-10-23,52.5,53.4,52.4,52.4,765000
2013-10-24,53.5,53.5,52.4,52.8,538000
2013-10-25,53.1,53.5,52.5,53.4,674000
2013-10-28,53.2,53.3,52.5,52.5,435000
2013-10-29,54.2,54.2,53.2,53.4,721000
2013-10-30,54.3,54.5,53.9,54.5,578000
2013-10-31,53.6,54.3,52.9,54.3,687000
2013-11-01,53.1,53.8,53,53.8,94000
2013-11-04,53.2,53.6,52.7,52.9,372000
2013-11-05,52.5,53.7,52.5,53.7,306000
2013-11-06,53.9,53.9,52.6,52.7,422000
2013-11-07,53.1,53.5,52.6,53,189000
2013-11-08,54,54,52.9,53.4,553000
2013-11-11,52.9,54,52.8,54,184000
2013-11-12,53.2,53.5,52.9,53.5,169000
2013-11-13,52.7,53.7,52.5,53.7,490000
2013-11-14,52.6,53.4,52.5,53.4,418000
2013-11-15,53.2,53.2,52.5,53,322000
2013-11-18,53.2,53.2,52.6,52.7,93000
2013-11-19,53.1,53.2,52.7,52.7,41000
2013-11-20,53,53.3,52.7,53.3,187000
2013-11-21,52.6,53.2,52.6,53.2,408000
2013-11-22,52.7,53,52.6,53,143000
2013-11-25,53.2,53.2,52.9,53.1,199000
2013-11-26,53.9,53.9,53,53.4,612000
2013-11-27,53.5,53.9,53.2,53.9,142000
2013-11-28,53.8,53.9,53.5,53.5,266000
2013-11-29,54,54,53.2,53.2,288000
2013-12-02,54,54,53.5,54,224000
2013-12-03,53.3,54,53.3,54,98000
2013-12-04,54,54,53.4,54,439000
2013-12-05,53.8,54.3,53.5,54.3,191000
2013-12-06,53.4,53.7,53.3,53.3,118000
2013-12-09,53.7,54.3,53.2,54.2,518000
2013-12-10,54.2,54.2,53.7,54.2,251000
2013-12-11,54.7,54.8,53.7,54.3,675000
2013-12-12,53.3,55,53.3,55,285000
2013-12-13,53.8,53.9,53.1,53.6,289000
2013-12-16,53.2,53.9,53.2,53.8,270000
2013-12-17,53.3,54,53.2,53.2,637000
2013-12-18,53.8,53.8,53.2,53.7,337000
2013-12-19,53.7,54,53.3,53.9,322000
2013-12-20,53.3,53.8,53.2,53.4,491000
2013-12-23,53.5,53.7,53.1,53.7,318000
2013-12-24,53.2,53.7,53.2,53.2,276000
2013-12-25,53.2,53.3,53.1,53.1,115000
2013-12-26,53.3,53.5,53.1,53.3,145000
2013-12-27,53.6,53.7,53.3,53.7,558000
2013-12-30,54.2,54.2,53.6,53.8,356000
2013-12-31,54.7,54.7,53.8,54.2,381000
2014-01-02,54.2,54.6,53.7,54.5,242000
2014-01-03,53.5,54,53.3,54,238000
2014-01-06,53.5,53.9,53.3,53.9,177000
2014-01-07,53.3,53.8,53.3,53.8,214000
2014-01-08,53.3,53.8,53.3,53.8,219000
2014-01-09,54,54,53.3,53.3,244000
2014-01-10,53.9,54,53.4,54,318000
2014-01-13,54,54.3,53.5,54.3,234000
2014-01-14,54.2,54.2,53.4,53.4,354000
2014-01-15,53.6,54.2,53.6,53.8,389000
2014-01-16,53.3,54,53.3,54,358000
2014-01-17,52.9,53.6,52.9,53.6,367000
2014-01-20,53.3,53.5,52.6,53.1,473000
2014-01-21,53,53.3,52.9,53,297000
2014-01-22,53.1,53.3,52.6,53.3,468000
2014-01-23,53,53.1,52.7,53.1,466000
2014-01-24,53.3,53.3,52.7,53.2,334000
2014-01-27,51.8,53,51.8,52.7,1340000
2014-02-05,50.6,52.3,50.6,51.1,2128000
2014-02-06,50.4,50.8,50.2,50.6,1036000
2014-02-07,50.5,51.1,50.4,50.7,728000
2014-02-10,50.7,50.9,50.5,50.9,420000
2014-02-11,50.4,51.2,50.4,50.7,839000
2014-02-12,51.1,51.2,50.5,50.8,320000
2014-02-13,50.8,51.1,50.5,50.5,481000
2014-02-14,51.3,51.6,51,51,745000
2014-02-17,51.4,51.6,51,51,156000
2014-02-18,52,52,51.1,51.1,370000
2014-02-19,51.4,52.1,51.3,51.4,385000
2014-02-20,50.9,51.8,50.9,51.3,322000
2014-02-21,51.3,51.9,51.2,51.2,353000
2014-02-24,51.6,51.7,50.9,50.9,244000
2014-02-25,50.6,51.6,50.5,51.3,1097000
2014-02-26,51,51.3,50.6,50.9,625000
2014-02-27,50.7,51.4,50.7,50.7,802000
2014-03-03,51.1,51.1,50.4,50.5,691000
2014-03-04,50.6,51.2,50.5,50.5,590000
2014-03-05,50.5,50.9,50.5,50.6,494000
2014-03-06,50.8,50.9,50.5,50.5,353000
2014-03-07,50.5,50.9,50.5,50.5,397000
2014-03-10,50.8,50.9,50.5,50.5,214000
2014-03-11,50.5,50.9,50.4,50.9,351000
2014-03-12,50.6,50.6,50.2,50.5,348000
2014-03-13,50.2,50.6,50.2,50.6,468000
2014-03-14,50.2,50.7,50.1,50.1,534000
2014-03-17,50.8,50.8,50.2,50.7,90000
2014-03-18,50.9,51,50.6,51,213000
2014-03-19,50.2,50.8,50.2,50.8,160000
2014-03-20,50.1,50.3,50.1,50.2,421000
2014-03-21,50.3,50.5,50.1,50.5,417000
2014-03-24,50.7,50.8,50.3,50.3,110000
2014-03-25,50.8,50.8,50.3,50.7,84000
2014-03-26,50.5,51.2,50.4,50.8,338000
2014-03-27,51,51,50.5,50.5,184000
2014-03-28,51.5,51.5,50.7,51,411000
2014-03-31,51.2,51.6,51.1,51.5,214000
2014-04-01,51.7,51.7,51.2,51.5,415000
2014-04-02,51.6,51.7,51.4,51.7,225000
2014-04-03,51.8,51.8,51.4,51.6,299000
2014-04-07,51.9,51.9,50.9,51.3,673000
2014-04-08,51.5,51.5,51.1,51.4,350000
2014-04-09,51.8,51.8,50.9,51,834000
2014-04-10,53,53,51.5,51.9,776000
2014-04-11,52,52.7,51.6,52,517000
2014-04-14,51.8,52.4,51.6,52.4,315000
2014-04-15,51.2,52.1,51.2,52.1,388000
2014-04-16,50.8,51.7,50.8,51.3,709000
2014-04-17,50.8,51.5,50.6,50.8,807000
2014-04-18,50.7,51.2,50.7,51,341000
2014-04-21,50.6,51.2,50.6,50.8,298000
2014-04-22,50.6,50.9,50.5,50.5,320000
2014-04-23,50.6,51.1,50.4,50.6,436000
2014-04-24,50.3,50.8,50.3,50.5,566000
2014-04-25,50.3,50.8,50.3,50.4,566000
2014-04-28,50.1,50.4,50,50.2,430000
2014-04-29,51,51,50.3,51,258000
2014-04-30,50.6,51,50.3,51,541000
2014-05-02,50.6,50.8,50.2,50.5,521000
2014-05-05,50.5,50.8,50.2,50.8,245000
2014-05-06,50.3,50.6,50.2,50.3,329000
2014-05-07,49.9,50.4,49.9,50.2,927000
2014-05-08,50.3,50.3,49.8,50,484000
2014-05-09,50,50.4,49.9,50,381000
2014-05-12,49.3,49.9,49.1,49.85,739000
2014-05-13,49.7,49.9,49.35,49.5,343000
2014-05-14,50.2,50.3,49.55,49.55,456000
2014-05-15,48.65,49.8,48.6,49.2,1576000
2014-05-16,47.05,48.8,47.05,48.8,2577000
2014-05-19,44.9,46.05,43.9,46.05,2933000
2014-05-20,44.5,44.95,44.5,44.9,2062000
2014-05-21,44.2,44.55,44.15,44.5,1336000
2014-05-22,42.95,44.1,42.85,44,4213000
2014-05-23,43.3,45.5,42.95,42.95,4313000
2014-05-26,43.55,43.9,43.05,43.4,1665000
2014-05-27,43.35,43.6,43.15,43.5,2246000
2014-05-28,43.4,43.55,43.2,43.3,2334000
2014-05-29,43.15,43.65,43,43.5,4160000
2014-05-30,43.1,44.8,43.1,43.35,34953000
2014-06-03,41.85,43.75,41.6,43.7,9194000
2014-06-04,40.6,41.8,40.6,41.8,6018000
2014-06-05,40,40.5,39.55,40.4,7826000
2014-06-06,40.65,41.2,39.6,39.8,3712000
2014-06-09,41.15,41.35,40.8,40.8,2205000
2014-06-10,41.2,41.65,41.2,41.65,1669000
2014-06-11,41.9,41.9,41.2,41.2,2426000
2014-06-12,42.8,42.9,41.6,42,3380000
2014-06-13,43,43.25,42.55,42.8,3781000
2014-06-16,42.95,43.25,42.5,43,2808000
2014-06-17,43,43.3,42.8,43.05,1766000
2014-06-18,43.4,43.45,42.8,42.8,2114000
2014-06-19,43.7,43.8,43.45,43.5,1552000
2014-06-20,43.65,43.9,43.6,43.7,1712000
2014-06-23,43.3,43.7,43.2,43.7,1782000
2014-06-24,43.1,43.55,43,43.5,1993000
2014-06-25,42.25,43,42.2,43,2726000
2014-06-26,43.05,43.15,42.4,42.4,666000
2014-06-27,43.3,43.4,43.05,43.05,1052000
2014-06-30,43.6,43.7,43.4,43.5,2795000
2014-07-01,41.1,41.15,40.45,40.6,2087000
2014-07-02,40.85,41.4,40.6,41.2,1421000
2014-07-03,40.4,40.8,40.4,40.7,946000
2014-07-04,40.1,40.6,40,40.4,1300000
2014-07-07,40.6,40.6,40,40.1,937000
2014-07-08,40.6,40.95,40.45,40.6,823000
2014-07-09,40.45,40.9,40.45,40.65,911000
2014-07-10,40.35,40.65,40.2,40.5,764000
2014-07-11,40.05,40.5,40,40.3,863000
2014-07-14,40.05,40.1,40,40,524000
2014-07-15,40.05,40.5,40,40.25,696000
2014-07-16,39.9,40.25,39.9,40.05,796000
2014-07-17,39.85,40.05,39.85,39.85,625000
2014-07-18,39.8,40,39.8,39.95,657000
2014-07-21,40.1,40.2,39.8,39.85,567000
2014-07-22,40.8,40.8,40.2,40.35,1138000
2014-07-24,41.1,41.15,40.9,41,799000
2014-07-25,41.1,41.25,40.8,41.2,584000
2014-07-28,41.25,41.45,41.1,41.1,1012000
2014-07-29,41.55,41.65,41.3,41.4,810000
2014-07-30,41.5,41.9,41.25,41.6,930000
2014-07-31,41.55,41.6,41.25,41.45,625000
2014-08-01,41.25,41.45,41,41.3,416000
2014-08-04,42.8,43.5,41.5,41.5,2041000
2014-08-05,41.3,42.8,41.3,42.8,1155000
2014-08-06,41.1,41.4,40.9,41.3,610000
2014-08-07,41.4,41.6,41.25,41.45,443000
2014-08-08,42.1,42.1,41.35,41.8,892000
2014-08-11,42.25,42.7,42.15,42.3,645000
2014-08-12,42.4,42.5,42.05,42.35,498000
2014-08-13,42.4,42.4,42.1,42.35,403000
2014-08-14,42.2,42.6,42.2,42.6,726000
2014-08-15,42.25,42.3,42.05,42.2,299000
2014-08-18,42.1,42.4,42.05,42.3,225000
2014-08-19,42.3,42.45,41.75,42.3,890000
2014-08-20,42.5,42.5,42.05,42.45,592000
2014-08-21,42.85,42.9,42.6,42.65,1031000
2014-08-22,43.25,43.3,42.95,43,1789000
2014-08-25,43.3,43.45,43.1,43.45,482000
2014-08-26,43,43.45,43,43.3,741000
2014-08-27,43.4,43.4,42.85,43,867000
2014-08-28,43.35,43.5,43.2,43.45,381000
2014-08-29,43,43.35,43,43.35,720000
2014-09-01,43.2,43.3,43,43,361000
2014-09-02,43,43.25,42.95,43.25,455000
2014-09-03,42.65,43,42.65,42.9,456000
2014-09-04,43,43,42.45,42.6,393000
2014-09-05,43.2,43.3,43,43.3,247000
2014-09-09,43,43.35,42.85,43.2,272000
2014-09-10,43.1,43.3,43,43.3,214000
2014-09-11,43,43.25,42.85,43.1,219000
2014-09-12,42.8,43,42.5,43,446000
2014-09-15,42.95,42.95,42.7,42.8,172000
2014-09-16,42.55,42.95,42.55,42.95,225000
2014-09-17,41.35,42.85,41.2,42.55,734000
2014-09-18,41.75,42.35,41.3,41.35,618000
2014-09-19,42.5,42.5,41.85,42.05,502000
2014-09-22,41.75,42.25,41.35,42.25,451000
2014-09-23,41.4,41.75,41.3,41.75,319000
2014-09-24,41.8,41.85,41.4,41.4,258000
2014-09-25,41.7,42,41.4,41.8,293000
2014-09-26,41.15,41.5,40.7,40.7,302000
2014-09-29,40.85,41,40.55,40.55,142000
2014-09-30,40.7,40.85,40.4,40.8,432000
2014-10-01,40.7,41.2,40.55,40.7,275000
2014-10-02,40.6,40.9,40.5,40.5,202000
2014-10-03,40.65,41,40.6,40.6,136000
2014-10-06,40.5,40.75,40.5,40.65,131000
2014-10-07,40.6,40.9,40.25,40.5,272000
2014-10-08,40.3,40.65,40.3,40.45,271000
2014-10-09,40.4,40.55,40.2,40.2,249000
2014-10-13,40.05,40.5,39.95,40.25,391000
2014-10-14,39.65,40,39.4,40,400000
2014-10-15,39.35,39.65,39.35,39.65,330000
2014-10-16,39.15,39.35,39,39.35,418000
2014-10-17,36.45,39.35,36.45,39,1768000
2014-10-20,37.6,38.55,37.25,38.55,1187000
2014-10-21,37.9,37.9,37.3,37.6,410000
2014-10-22,38.05,38.1,37.6,38,385000
2014-10-23,37.7,38,37.5,38,276000
2014-10-24,37.15,37.7,37.1,37.7,646000
2014-10-27,36.65,37.2,36.6,37.15,416000
2014-10-28,36.7,37,36.7,37,758000
2014-10-29,37.35,37.45,36.85,36.9,268000
2014-10-30,37.15,37.65,37.15,37.55,364000
2014-10-31,37.55,37.55,37.2,37.5,251000
2014-11-03,37.45,37.9,37.45,37.9,484000
2014-11-04,37.55,37.95,37.5,37.5,482000
2014-11-05,38.05,38.15,37.55,37.55,435000
2014-11-06,37.95,38.15,37.7,38.1,495000
2014-11-07,37.85,38,37.55,37.95,276000
2014-11-10,38.05,38.15,37.85,37.85,154000
2014-11-11,37.8,38.2,37.75,38.05,273000
2014-11-12,37.25,37.9,37.05,37.9,466000
2014-11-13,37.25,37.45,37.25,37.25,105000
2014-11-14,37.05,37.35,37.05,37.25,334000
2014-11-17,37.1,37.4,37.1,37.1,271000
2014-11-18,37.45,37.5,37.1,37.5,368000
2014-11-19,37.4,37.55,37.3,37.5,267000
2014-11-20,37.65,37.65,37.35,37.45,228000
2014-11-21,37.6,37.8,37.55,37.8,178000
2014-11-24,37.95,38,37.6,37.9,277000
2014-11-25,38.2,38.2,37.75,37.9,418000
2014-11-26,38.2,38.25,38.05,38.2,270000
2014-11-27,38.05,38.4,38.05,38.3,342000
2014-11-28,38.4,38.4,37.9,38,243000
2014-12-01,38.15,38.25,37.8,38,288000
2014-12-02,38.1,38.55,37.9,38.5,1343000
2014-12-03,38.2,38.25,37.9,38.1,357000
2014-12-04,38.3,38.55,38.2,38.55,255000
2014-12-05,38.3,38.35,38.15,38.3,454000
2014-12-08,38.1,38.5,38.1,38.4,539000
2014-12-09,38.1,38.25,37.9,38.1,431000
2014-12-10,38,38.2,37.9,38.1,254000
2014-12-11,38.05,38.25,38,38,158000
2014-12-12,38.2,38.3,38.05,38.05,194000
2014-12-15,37.95,38.15,37.9,38.15,379000
2014-12-16,38.2,38.3,37.9,37.9,507000
2014-12-17,37.8,38.25,37.8,38.1,409000
2014-12-18,37.7,38.1,37.7,38.05,401000
2014-12-19,37.8,38.05,37.7,38,293000
2014-12-22,38.05,38.1,37.8,37.8,227000
2014-12-23,38.1,38.15,38,38.05,300000
2014-12-24,38.4,38.4,37.85,38.05,647000
2014-12-25,39.05,39.2,38.4,38.5,701000
2014-12-26,38.8,39.2,38.75,39.1,508000
2014-12-29,39,39.45,38.9,39.4,392000
2014-12-30,39,39.2,38.8,39,258000
2014-12-31,38.85,39.05,38.75,39,322000
2015-01-05,38.7,38.9,38.55,38.85,510000
2015-01-06,38.5,38.7,38.4,38.65,453000
2015-01-07,38.6,38.9,38.4,38.4,298000
2015-01-08,38.9,38.9,38.6,38.7,246000
2015-01-09,38.8,39.05,38.5,38.8,420000
2015-01-12,38.7,38.9,38.7,38.8,131000
2015-01-13,38.9,39,38.7,38.7,202000
2015-01-14,39.05,39.35,38.7,39.35,376000
2015-01-15,38.7,39,38.6,38.8,327000
2015-01-16,38.35,38.7,38.3,38.7,494000
2015-01-19,38.35,38.5,38.25,38.5,121000
2015-01-20,38.4,38.6,38.3,38.35,224000
2015-01-21,38.85,38.95,38.4,38.9,264000
2015-01-22,38.7,38.9,38.55,38.9,371000
2015-01-23,38.7,38.8,38.6,38.7,307000
2015-01-26,38.5,38.7,38.5,38.7,253000
2015-01-27,38.55,38.95,38.45,38.95,250000
2015-01-28,38.45,38.55,38.4,38.4,307000
2015-01-29,38.6,38.6,38.4,38.45,166000
2015-01-30,38.7,38.75,38.6,38.75,195000
2015-02-02,39,39.05,38.7,38.75,386000
2015-02-03,38.95,39.05,38.9,39.05,263000
2015-02-04,39.05,39.2,39,39,245000
2015-02-05,38.85,39.2,38.8,39.2,162000
2015-02-06,39,39.1,38.9,39.1,275000
2015-02-09,39.1,39.1,39,39.1,126000
2015-02-10,39,39.2,38.9,39.1,317000
2015-02-11,39,39.15,38.75,39,149000
2015-02-12,38.95,39.1,38.85,39,104000
2015-02-13,38.95,39,38.85,39,187000
2015-02-24,39.05,39.1,38.85,39,324000
2015-02-25,39,39.1,38.9,39,666000
2015-02-26,39,39.15,39,39.1,251000
2015-03-02,39.05,39.15,39,39,204000
2015-03-03,39.05,39.15,39,39.05,177000
2015-03-04,39.15,39.15,39,39.05,660000
2015-03-05,39.1,39.2,39.05,39.2,385000
2015-03-06,39.2,39.2,39,39,387000
2015-03-09,39.05,39.15,39,39.1,292000
2015-03-10,39.1,39.15,39,39,255000
2015-03-11,38.9,39.05,38.9,39,347000
2015-03-12,39.05,39.05,38.9,38.9,366000
2015-03-13,39.25,39.25,38.95,39.1,409000
2015-03-16,39.05,39.25,39,39.25,349000
2015-03-17,38.95,39.15,38.9,39.05,490000
2015-03-18,38.7,39.1,38.65,38.9,998000
2015-03-19,38,38.7,37.85,38.7,2175000
2015-03-20,37.6,38,37.55,38,3689000
2015-03-23,38.65,39.75,37.6,37.6,1073000
2015-03-24,38.7,39,38.4,38.5,495000
2015-03-25,38.85,39,38.6,39,482000
2015-03-26,38.95,38.95,38.75,38.85,594000
2015-03-27,39.05,39.05,38.75,38.95,475000
2015-03-30,39.2,39.2,39,39.1,288000
2015-03-31,39.3,39.3,39.1,39.2,426000
2015-04-01,39.2,39.3,39.15,39.3,202000
2015-04-02,39.3,39.3,39.2,39.3,314000
2015-04-07,39.6,39.6,39.3,39.35,283000
2015-04-08,40.35,40.4,39.5,39.6,548000
2015-04-09,40.8,40.9,40.2,40.35,771000
2015-04-10,40.6,40.9,40.45,40.85,552000
2015-04-13,40.65,40.75,40.5,40.6,423000
2015-04-14,40.75,40.8,40.5,40.65,323000
2015-04-15,41,41.1,40.7,40.75,745000
2015-04-16,40.95,41.2,40.65,41.2,552000
2015-04-17,41.15,41.15,40.85,40.95,446000
2015-04-20,41.25,41.25,40.85,41.15,617000
2015-04-21,41,41.25,40.95,41.25,425000
2015-04-22,40.8,41.05,40.75,41,345000
2015-04-23,40.95,41,40.7,40.95,453000
2015-04-24,40.9,41.3,40.75,40.95,394000
2015-04-27,40.9,41.1,40.75,40.8,375000
2015-04-28,41.2,41.2,40.85,40.9,353000
2015-04-29,41.35,41.35,41,41.2,737000
2015-04-30,41.8,41.8,41.4,41.4,886000
2015-05-04,41.9,41.95,41.65,41.8,366000
2015-05-05,41.95,42,41.65,41.95,539000
2015-05-06,41.95,42,41.65,41.9,497000
2015-05-07,41.9,42,41.7,42,259000
2015-05-08,41.5,41.85,41.4,41.8,647000
2015-05-11,41.2,41.9,41.1,41.8,504000
2015-05-12,41.4,41.55,41,41.2,272000
2015-05-13,41.45,41.5,41.05,41.4,196000
2015-05-14,41.1,41.7,41.1,41.45,155000
2015-05-15,41.3,41.35,41.05,41.35,107000
2015-05-18,41.6,41.85,41.15,41.3,346000
2015-05-19,41.5,41.6,41.2,41.6,196000
2015-05-20,41.4,41.5,41,41.5,267000
2015-05-21,41.1,41.3,41,41.15,431000
2015-05-22,41.1,41.35,41,41,225000
2015-05-25,40.95,41.05,40.9,41.05,226000
2015-05-26,41.1,41.1,40.85,40.85,135000
2015-05-27,40.95,41,40.7,40.85,267000
2015-05-28,40.6,41.1,40.6,40.8,380000
2015-05-29,40.25,40.55,40.25,40.5,502000
2015-06-01,40.4,40.7,40.3,40.3,156000
2015-06-02,40.8,41,40.35,40.4,222000
2015-06-03,40.25,40.95,40,40.9,479000
2015-06-04,40.1,40.5,40,40.3,375000
2015-06-05,39.95,40.2,39.85,40.2,407000
2015-06-08,40.4,40.45,40,40,274000
2015-06-09,40,40.5,39.9,40.5,328000
2015-06-10,40.4,40.5,39.95,40.1,295000
2015-06-11,40.1,40.4,39.75,40.4,239000
2015-06-12,40,40.4,39.95,40.1,128000
2015-06-15,39.85,40,39.75,40,110000
2015-06-16,40,40,39.75,39.85,209000
2015-06-17,39.55,39.95,39.2,39.95,696000
2015-06-18,39.6,39.75,39.3,39.55,242000
2015-06-22,39.9,39.95,39.2,39.75,263000
2015-06-23,40,40.05,39.5,40,211000
2015-06-24,39.85,40,39.5,40,113000
2015-06-25,39.5,39.85,39.5,39.85,254000
2015-06-26,39.85,39.85,39.35,39.5,318000
2015-06-29,39.7,39.7,39.3,39.65,215000
2015-06-30,39.7,39.7,39.25,39.25,199000
2015-07-01,39.9,39.9,39.5,39.7,100000
2015-07-02,40,40,39.75,39.95,258000
2015-07-03,40,40,39.5,40,342000
2015-07-06,39.9,40,39.5,40,165000
2015-07-07,39.9,39.9,39.6,39.75,211000
2015-07-08,39.2,39.6,39,39.6,518000
2015-07-09,39.2,39.6,38.8,39.1,399000
2015-07-13,37.5,37.8,37.25,37.8,295000
2015-07-14,37.25,37.8,37.1,37.8,279000
2015-07-15,37.25,37.45,37.05,37.25,217000
2015-07-16,37.1,37.3,37,37.3,146000
2015-07-17,37,37.2,37,37.1,138000
2015-07-20,36.85,37,36.7,37,215000
2015-07-21,36.9,37.2,36.8,36.85,143000
2015-07-22,36.8,37,36.8,36.8,98000
2015-07-23,36.4,36.7,36.3,36.7,266000
2015-07-24,36.25,36.4,36.2,36.4,112000
2015-07-27,36.1,36.5,36.1,36.4,191000
2015-07-28,35.9,36.45,35.85,36.15,311000
2015-07-29,36.3,36.3,35.8,35.9,178000
2015-07-30,36.3,36.7,36.3,36.3,106000
2015-07-31,36.35,37.25,36.35,36.9,532000
2015-08-03,36.05,36.5,35.9,36.5,167000
2015-08-04,36.5,36.6,36,36,233000
2015-08-05,36.65,36.85,36.3,36.5,110000
2015-08-06,36.4,36.65,36.3,36.65,138000
2015-08-07,36.4,36.65,36.35,36.4,177000
2015-08-10,36.9,37.45,36.85,37,257000
2015-08-11,36.8,37.45,36.7,37.4,248000
2015-08-12,36.9,37,36.45,36.75,141000
2015-08-13,36.95,37.1,36.55,36.8,232000
2015-08-14,37.1,37.15,36.8,37.1,108000
2015-08-17,37.1,37.2,36.9,37.2,120000
2015-08-18,36.75,37.2,36.6,37.2,152000
2015-08-19,35.9,36.9,35.9,36.6,346000
2015-08-20,36.1,36.55,36,36,348000
2015-08-21,35.05,36.1,35.05,36,708000
2015-08-24,33.8,34.95,33.4,34.6,1099000
2015-08-25,34.15,34.35,33.5,33.5,350000
2015-08-26,33.85,34.25,33.75,34.2,456000
2015-08-27,34.05,34.95,34,34,742000
2015-08-28,34.9,35.15,34.55,34.85,501000
2015-08-31,34.5,34.95,34.5,34.95,525000
2015-09-01,34.6,34.8,34.55,34.6,299000
2015-09-02,34.3,34.55,34.3,34.5,399000
2015-09-03,35.3,35.35,34.5,34.5,456000
2015-09-04,34.8,35.6,34.6,35.5,260000
2015-09-07,35.3,35.3,34.6,34.7,151000
2015-09-08,35.4,35.6,35,35.1,292000
2015-09-09,36.2,36.2,35.7,35.7,244000
2015-09-10,36.85,36.85,36,36,293000
2015-09-11,36.75,36.9,36.1,36.5,251000
2015-09-14,36.4,36.95,36.3,36.95,164000
2015-09-15,36.4,36.4,36.1,36.4,104000
2015-09-16,36.15,36.8,36.1,36.5,97000
2015-09-17,36.45,36.7,36.25,36.3,167000
2015-09-18,36.35,36.9,36.35,36.45,320000
2015-09-21,36.35,36.6,36.05,36.2,353000
2015-09-22,36.6,36.85,36.4,36.4,140000
2015-09-23,36.6,36.65,36.2,36.25,132000
2015-09-24,36.55,36.9,36.2,36.4,290000
2015-09-25,36.3,36.6,36.3,36.35,183000
2015-09-30,36.3,36.6,36.2,36.3,315000
2015-10-01,37,37,36.25,36.5,329000
2015-10-02,36.95,37.25,36.65,37,302000
2015-10-05,37,37.25,36.95,37,245000
2015-10-06,37.1,37.5,37.05,37.05,224000
2015-10-07,37.05,37.4,37,37,154000
2015-10-08,37.2,37.35,36.6,37.1,253000
2015-10-12,37.9,38,37.05,37.4,539000
2015-10-13,38,38.1,37.8,37.9,275000
2015-10-14,38.15,38.15,37.7,38.1,310000
2015-10-15,38.15,38.2,37.95,38.2,210000
2015-10-16,38.85,38.85,38.05,38.3,371000
2015-10-19,38.45,38.8,38.45,38.55,341000
2015-10-20,38.75,38.8,38.4,38.4,199000
2015-10-21,38.7,38.8,38.65,38.8,166000
2015-10-22,38.3,38.65,38.3,38.65,208000
2015-10-23,38.1,38.6,38,38.6,152000
2015-10-26,38.4,38.4,38.05,38.2,90000
2015-10-27,38.3,38.3,38.05,38.2,65000
2015-10-28,38,38.35,38,38.05,163000
2015-10-29,37.6,38,37.6,38,247000
2015-10-30,37.5,37.75,37.5,37.6,181000
2015-11-02,38,38,37.35,37.5,114000
2015-11-03,38.4,38.6,38.1,38.4,187000
2015-11-04,38.55,38.55,38.4,38.55,225000
2015-11-05,38.55,38.7,38.5,38.55,191000
2015-11-06,38.7,38.8,38.5,38.7,273000
2015-11-09,38.8,38.8,38,38,357000
2015-11-10,38.5,38.8,38.4,38.8,117000
2015-11-11,38.35,38.5,38.2,38.5,105000
2015-11-12,38.4,38.45,38.25,38.35,103000
2015-11-13,38.4,38.45,38.2,38.25,96000
2015-11-16,38.1,38.3,38,38.3,100000
2015-11-17,38.25,38.4,38.15,38.15,88000
2015-11-18,37.9,38.2,37.9,38.1,217000
2015-11-19,37.95,38.1,37.8,37.8,246000
2015-11-20,37.9,38,37.8,38,90000
2015-11-23,37.9,38.05,37.8,37.9,161000
2015-11-24,38.15,38.2,37.8,37.95,215000
2015-11-25,37.9,38.15,37.85,38.15,125000
2015-11-26,37.95,37.95,37.8,37.9,119000
2015-11-27,37.75,37.85,37.75,37.8,144000
2015-11-30,37.35,37.75,37.35,37.75,565000
2015-12-01,37.6,37.6,37.2,37.4,251000
2015-12-02,37.5,37.7,37.35,37.65,206000
2015-12-03,37.6,37.95,37.4,37.5,99000
2015-12-04,37.55,37.6,37.45,37.6,140000
2015-12-07,37.5,37.85,37.5,37.65,181000
2015-12-08,37.6,37.7,37.45,37.55,189000
2015-12-09,37.35,37.4,37.3,37.35,161000
2015-12-10,37.25,37.3,36.9,37.3,437000
2015-12-11,36.85,37.25,36.8,37.25,262000
2015-12-14,36.55,36.75,36.5,36.7,321000
2015-12-15,36.5,36.6,36.1,36.6,431000
2015-12-16,36.25,36.65,36,36.5,424000
2015-12-17,36.9,37.2,36.25,36.4,202000
2015-12-18,40,40,36.7,36.75,736000
2015-12-21,38.5,39,38.35,39,309000
2015-12-22,38.05,39,38,38.5,291000
2015-12-23,38.35,38.55,37.9,38.05,127000
2015-12-24,38.6,39,38.55,38.6,198000
2015-12-25,38.5,38.7,38.45,38.45,45000
2015-12-28,38.6,38.85,38.5,38.85,165005000
2015-12-29,38.6,38.8,38.3,38.3,146000
2015-12-30,38.7,38.8,38.35,38.6,120000
2015-12-31,38.35,38.7,38.25,38.7,67000
2016-01-04,38,38.6,37.7,38.6,154000
2016-01-05,37.7,38,37.4,37.8,199000
2016-01-06,37.55,37.7,37.45,37.7,125000
2016-01-07,36.95,37.45,36.85,37.2,185000
2016-01-08,37.05,37.05,36.75,36.85,196000
2016-01-11,36.6,36.8,36.4,36.8,177000
2016-01-12,36.45,36.75,36.4,36.75,146000
2016-01-13,36.45,36.75,36.4,36.5,157000
2016-01-14,36.6,36.7,36.35,36.5,141000
2016-01-15,36.7,36.7,36.45,36.6,202000
2016-01-18,37.05,37.3,36.4,36.45,101000
2016-01-19,37,37.1,36.8,37,77000
2016-01-20,36.95,36.95,36.5,36.85,150000
2016-01-21,36.95,36.95,36.5,36.7,208000
2016-01-22,37.5,37.65,36.6,36.6,154000
2016-01-25,37.3,38.05,37.25,37.3,104000
2016-01-26,37.05,37.2,37,37.15,122000
2016-01-27,37.25,37.45,37,37.45,88000
2016-01-28,37.2,37.25,37,37.25,44000
2016-01-29,37.25,37.4,37.15,37.2,95000
2016-02-01,38.5,38.5,38.2,38.25,0
2016-02-02,38.65,38.75,38.5,38.5,368000
2016-02-03,38.25,38.75,38.1,38.65,319000
2016-02-15,38.7,39.7,38.5,39.7,438000
2016-02-16,38.3,39,38.3,39,804000
2016-02-17,38.35,38.65,38.35,38.45,232000
2016-02-18,38.5,38.95,38.35,38.6,230000
2016-02-19,38.6,38.8,38.45,38.55,155000
2016-02-22,38.8,38.95,38.5,38.6,282000
2016-02-23,39.2,39.4,39.05,39.35,645000
2016-02-24,38.7,39.3,38.6,39.3,212000
2016-02-25,38.85,38.9,38.65,38.8,132000
2016-02-26,39.1,39.15,38.7,39.15,208000
2016-03-01,39.1,39.1,38.85,39.1,249000
2016-03-02,39.1,39.5,39.05,39.5,362000
2016-03-03,39.95,40.15,39.5,39.5,847000
2016-03-04,40.6,40.6,39.7,40.1,920000
2016-03-07,41.2,41.75,40.6,40.7,1042000
2016-03-08,40.95,41.6,40.8,41.45,535000
2016-03-09,40.5,40.95,40.4,40.85,292000
2016-03-10,40.5,40.7,40.25,40.5,312000
2016-03-11,41.15,41.9,40.85,41.9,826000
2016-03-14,41.9,42.5,41.75,42.5,1208000
2016-03-15,41.4,42.45,41.25,42.45,691000
2016-03-16,41.7,41.9,41.5,41.5,245000
2016-03-17,41.7,42,41.65,41.7,514000
2016-03-18,41.35,41.9,41.35,41.7,506000
2016-03-21,41.8,41.9,41.1,41.9,240000
2016-03-22,42.05,42.05,41.55,41.9,477000
2016-03-23,42.1,42.1,41.75,41.95,324000
2016-03-24,41.7,42.1,41.7,42.05,373000
2016-03-25,41.6,41.7,41.3,41.7,241000
2016-03-28,41.8,41.95,41.5,41.6,237000
2016-03-29,42,42.9,41.8,41.8,967000
2016-03-30,42.15,42.2,41.85,42,469000
2016-03-31,42.05,42.15,41.95,42.15,267000
2016-04-01,41.95,42.05,41.8,42,118000
2016-04-06,42.15,42.15,41.8,41.8,357000
2016-04-07,42.15,42.2,41.75,42.15,267000
2016-04-08,42.7,42.7,42.05,42.15,457000
2016-04-11,42.5,42.6,42.05,42.6,249000
2016-04-12,43,43.25,42.7,43,1089000
2016-04-13,44.2,44.2,43.4,43.5,1724000
2016-04-14,45.25,46,44.8,44.85,1875000
2016-04-15,45.35,45.4,44.6,45,968000
2016-04-18,45.3,45.4,45.1,45.35,647000
2016-04-19,46.2,46.3,45.45,45.45,2144000
2016-04-20,45.8,47.8,45.8,46.2,2245000
2016-04-21,46.1,46.3,45,46.05,1426000
2016-04-22,46.25,46.65,46,46.5,1105000
2016-04-25,46.2,46.3,45.7,46.25,398000
2016-04-26,47.45,47.9,46.45,46.45,2430000
2016-04-27,47.7,48,47.15,47.35,992000
2016-04-28,46.5,47.6,46.3,47.6,1321000
2016-04-29,45.5,46.15,44.85,46.15,1532000
2016-05-03,46.8,47.8,45.95,47.8,1273000
2016-05-04,44.6,46.7,44.6,46.15,1348000
2016-05-05,44.35,45.25,43.9,44,779000
2016-05-06,44.75,45.35,44.3,44.75,757000
2016-05-09,44.65,45,44,45,552000
2016-05-10,44.15,44.45,43.65,44,814000
2016-05-11,43.2,44.15,43.15,43.8,489000
2016-05-12,43.15,44.05,42.95,43.2,678000
2016-05-13,41.9,43.15,41.2,43.15,975000
2016-05-16,41.5,41.7,41,41.7,392000
2016-05-17,40.8,41.3,40.55,41.2,942000
2016-05-18,41.7,41.85,40.3,40.6,737000
2016-05-19,40.75,41.7,40.6,41.7,540000
2016-05-20,41.1,41.4,40.55,40.7,265000
2016-05-23,41.45,41.8,40.9,41.3,425000
2016-05-24,40.7,41.35,40.6,41.35,622000
2016-05-25,41.5,41.55,40.75,40.75,410000
2016-05-26,41.65,41.9,41.45,41.5,270000
2016-05-27,42.2,42.2,41.6,41.7,317000
2016-05-30,42.2,42.4,41.8,42,328000
2016-05-31,43.2,43.2,42.1,42.1,663000
2016-06-01,44.65,45,42.5,42.95,1697000
2016-06-02,44.15,45.05,44,44,555000
2016-06-03,43.45,44.5,43.1,44.5,350000
2016-06-06,43.65,43.7,42.85,43.25,221000
2016-06-07,43.5,43.9,43.1,43.75,290000
2016-06-08,42.75,43.9,42.5,43.9,443000
2016-06-13,41.75,42.75,41.75,42.75,708000
2016-06-14,42.35,42.4,41.85,41.85,280000
2016-06-15,42.2,43,42,43,351000
2016-06-16,41.7,42.55,41.7,42.5,536000
2016-06-17,42,42.15,41.7,41.7,315000
2016-06-20,42.15,42.55,42.05,42.2,336000
2016-06-21,43.35,43.5,42.15,42.15,597000
2016-06-22,42.9,43.35,42.6,43.35,480000
2016-06-23,43,43.1,42.8,42.9,355000
2016-06-24,42.1,43.1,42.1,43,962000
2016-06-27,40.4,40.5,39.9,39.9,507000
2016-06-28,40.2,40.6,40,40.5,492000
2016-06-29,40.5,40.8,40.4,40.75,245000
2016-06-30,40.6,41.05,40.5,41,462000
2016-07-01,41,41,40.6,40.9,227000
2016-07-04,41.35,41.35,40.8,41,483000
2016-07-05,41.4,41.5,40.8,41.2,394000
2016-07-06,40.95,41.5,40.85,41.4,236000
2016-07-07,41.3,41.3,40.9,40.9,253000
2016-07-11,41,41.45,40.85,41.45,238000
2016-07-12,40.9,41.2,40.85,40.85,280000
2016-07-13,41.6,42.1,41.1,41.1,651000
2016-07-14,42,42.55,41.6,42,800000
2016-07-15,41.8,42.05,41.75,42,301000
2016-07-18,41.75,42,41.65,41.8,259000
2016-07-19,42.3,42.4,41.55,42,328000
2016-07-20,41.7,42.15,41.7,41.85,336000
2016-07-21,42,42.3,41.6,41.6,297000
2016-07-22,42.3,42.45,41.6,42,494000
2016-07-25,42.25,42.45,41.6,42.4,354000
2016-07-26,42,42.15,41.8,42.15,158000
2016-07-27,41.95,42.05,41.8,41.8,235000
2016-07-28,41.95,41.95,41.65,41.95,221000
2016-07-29,42.05,42.25,41.6,41.95,343000
2016-08-01,42.1,42.2,41.7,41.7,210000
2016-08-02,41.4,42.1,41.3,42.1,470000
2016-08-03,41.2,41.45,41,41.45,205000
2016-08-04,41.2,41.2,40.9,41.1,227000
2016-08-05,41.8,41.8,41,41.15,263000
2016-08-08,41.4,41.8,41.4,41.8,165000
2016-08-09,41.75,41.8,41.3,41.4,242000
2016-08-10,41.5,41.95,41.5,41.95,208000
2016-08-11,41.3,41.55,41.1,41.55,297000
2016-08-12,41.3,41.5,41.3,41.35,248000
2016-08-15,41.1,41.3,41,41.3,292000
2016-08-16,41.6,41.6,41,41.45,307000
2016-08-17,42,42.05,41.6,41.8,487000
2016-08-18,41.8,42.1,41.75,41.9,319000
